         Index             t      Heatflow            Tr
           [#]           [s]          [mW]          [°C]
             0  0.00000e+000 -8.42906e-002  2.50000e+001
             1  1.00000e+000 -1.02480e-001  2.51667e+001
             2  2.00000e+000 -1.93842e-001  2.53333e+001
             3  3.00000e+000 -3.65677e-001  2.55000e+001
             4  4.00000e+000 -6.97696e-001  2.56667e+001
             5  5.00000e+000 -1.02059e+000  2.58333e+001
             6  6.00000e+000 -1.28808e+000  2.60000e+001
             7  7.00000e+000 -1.50496e+000  2.61667e+001
             8  8.00000e+000 -1.61778e+000  2.63333e+001
             9  9.00000e+000 -1.69603e+000  2.65000e+001
            10  1.00000e+001 -1.74789e+000  2.66667e+001
            11  1.10000e+001 -1.78738e+000  2.68333e+001
            12  1.20000e+001 -1.80971e+000  2.70000e+001
            13  1.30000e+001 -1.82723e+000  2.71667e+001
            14  1.40000e+001 -1.84153e+000  2.73333e+001
            15  1.50000e+001 -1.85228e+000  2.75000e+001
            16  1.60000e+001 -1.85958e+000  2.76667e+001
            17  1.70000e+001 -1.86621e+000  2.78333e+001
            18  1.80000e+001 -1.87236e+000  2.80000e+001
            19  1.90000e+001 -1.87801e+000  2.81667e+001
            20  2.00000e+001 -1.88234e+000  2.83333e+001
            21  2.10000e+001 -1.88722e+000  2.85000e+001
            22  2.20000e+001 -1.89210e+000  2.86667e+001
            23  2.30000e+001 -1.89691e+000  2.88333e+001
            24  2.40000e+001 -1.90131e+000  2.90000e+001
            25  2.50000e+001 -1.90574e+000  2.91667e+001
            26  2.60000e+001 -1.91007e+000  2.93333e+001
            27  2.70000e+001 -1.91435e+000  2.95000e+001
            28  2.80000e+001 -1.91801e+000  2.96667e+001
            29  2.90000e+001 -1.92177e+000  2.98333e+001
            30  3.00000e+001 -1.92545e+000  3.00000e+001
            31  3.10000e+001 -1.92901e+000  3.01667e+001
            32  3.20000e+001 -1.93212e+000  3.03333e+001
            33  3.30000e+001 -1.93546e+000  3.05000e+001
            34  3.40000e+001 -1.93886e+000  3.06667e+001
            35  3.50000e+001 -1.94225e+000  3.08333e+001
            36  3.60000e+001 -1.94562e+000  3.10000e+001
            37  3.70000e+001 -1.94895e+000  3.11667e+001
            38  3.80000e+001 -1.95225e+000  3.13333e+001
            39  3.90000e+001 -1.95551e+000  3.15000e+001
            40  4.00000e+001 -1.95859e+000  3.16667e+001
            41  4.10000e+001 -1.96166e+000  3.18333e+001
            42  4.20000e+001 -1.96478e+000  3.20000e+001
            43  4.30000e+001 -1.96799e+000  3.21667e+001
            44  4.40000e+001 -1.97096e+000  3.23333e+001
            45  4.50000e+001 -1.97395e+000  3.25000e+001
            46  4.60000e+001 -1.97691e+000  3.26667e+001
            47  4.70000e+001 -1.97987e+000  3.28333e+001
            48  4.80000e+001 -1.98271e+000  3.30000e+001
            49  4.90000e+001 -1.98552e+000  3.31667e+001
            50  5.00000e+001 -1.98828e+000  3.33333e+001
            51  5.10000e+001 -1.99100e+000  3.35000e+001
            52  5.20000e+001 -1.99335e+000  3.36667e+001
            53  5.30000e+001 -1.99579e+000  3.38333e+001
            54  5.40000e+001 -1.99823e+000  3.40000e+001
            55  5.50000e+001 -2.00062e+000  3.41667e+001
            56  5.60000e+001 -2.00267e+000  3.43333e+001
            57  5.70000e+001 -2.00482e+000  3.45000e+001
            58  5.80000e+001 -2.00697e+000  3.46667e+001
            59  5.90000e+001 -2.00904e+000  3.48333e+001
            60  6.00000e+001 -2.01105e+000  3.50000e+001
            61  6.10000e+001 -2.01310e+000  3.51667e+001
            62  6.20000e+001 -2.01515e+000  3.53333e+001
            63  6.30000e+001 -2.01713e+000  3.55000e+001
            64  6.40000e+001 -2.01911e+000  3.56667e+001
            65  6.50000e+001 -2.02102e+000  3.58333e+001
            66  6.60000e+001 -2.02290e+000  3.60000e+001
            67  6.70000e+001 -2.02482e+000  3.61667e+001
            68  6.80000e+001 -2.02669e+000  3.63333e+001
            69  6.90000e+001 -2.02859e+000  3.65000e+001
            70  7.00000e+001 -2.03046e+000  3.66667e+001
            71  7.10000e+001 -2.03228e+000  3.68333e+001
            72  7.20000e+001 -2.03410e+000  3.70000e+001
            73  7.30000e+001 -2.03590e+000  3.71667e+001
            74  7.40000e+001 -2.03767e+000  3.73333e+001
            75  7.50000e+001 -2.03939e+000  3.75000e+001
            76  7.60000e+001 -2.04114e+000  3.76667e+001
            77  7.70000e+001 -2.04294e+000  3.78333e+001
            78  7.80000e+001 -2.04465e+000  3.80000e+001
            79  7.90000e+001 -2.04628e+000  3.81667e+001
            80  8.00000e+001 -2.04786e+000  3.83333e+001
            81  8.10000e+001 -2.04938e+000  3.85000e+001
            82  8.20000e+001 -2.05093e+000  3.86667e+001
            83  8.30000e+001 -2.05251e+000  3.88333e+001
            84  8.40000e+001 -2.05390e+000  3.90000e+001
            85  8.50000e+001 -2.05542e+000  3.91667e+001
            86  8.60000e+001 -2.05695e+000  3.93333e+001
            87  8.70000e+001 -2.05846e+000  3.95000e+001
            88  8.80000e+001 -2.05996e+000  3.96667e+001
            89  8.90000e+001 -2.06134e+000  3.98333e+001
            90  9.00000e+001 -2.06269e+000  4.00000e+001
            91  9.10000e+001 -2.06403e+000  4.01667e+001
            92  9.20000e+001 -2.06514e+000  4.03333e+001
            93  9.30000e+001 -2.06634e+000  4.05000e+001
            94  9.40000e+001 -2.06762e+000  4.06667e+001
            95  9.50000e+001 -2.06892e+000  4.08333e+001
            96  9.60000e+001 -2.07037e+000  4.10000e+001
            97  9.70000e+001 -2.07178e+000  4.11667e+001
            98  9.80000e+001 -2.07318e+000  4.13333e+001
            99  9.90000e+001 -2.07453e+000  4.15000e+001
           100  1.00000e+002 -2.07597e+000  4.16667e+001
           101  1.01000e+002 -2.07730e+000  4.18333e+001
           102  1.02000e+002 -2.07858e+000  4.20000e+001
           103  1.03000e+002 -2.07984e+000  4.21667e+001
           104  1.04000e+002 -2.08088e+000  4.23333e+001
           105  1.05000e+002 -2.08203e+000  4.25000e+001
           106  1.06000e+002 -2.08321e+000  4.26667e+001
           107  1.07000e+002 -2.08439e+000  4.28333e+001
           108  1.08000e+002 -2.08563e+000  4.30000e+001
           109  1.09000e+002 -2.08682e+000  4.31667e+001
           110  1.10000e+002 -2.08801e+000  4.33333e+001
           111  1.11000e+002 -2.08928e+000  4.35000e+001
           112  1.12000e+002 -2.09060e+000  4.36667e+001
           113  1.13000e+002 -2.09186e+000  4.38333e+001
           114  1.14000e+002 -2.09311e+000  4.40000e+001
           115  1.15000e+002 -2.09432e+000  4.41667e+001
           116  1.16000e+002 -2.09538e+000  4.43333e+001
           117  1.17000e+002 -2.09651e+000  4.45000e+001
           118  1.18000e+002 -2.09766e+000  4.46667e+001
           119  1.19000e+002 -2.09884e+000  4.48333e+001
           120  1.20000e+002 -2.09992e+000  4.50000e+001
           121  1.21000e+002 -2.10095e+000  4.51667e+001
           122  1.22000e+002 -2.10199e+000  4.53333e+001
           123  1.23000e+002 -2.10316e+000  4.55000e+001
           124  1.24000e+002 -2.10438e+000  4.56667e+001
           125  1.25000e+002 -2.10560e+000  4.58333e+001
           126  1.26000e+002 -2.10678e+000  4.60000e+001
           127  1.27000e+002 -2.10798e+000  4.61667e+001
           128  1.28000e+002 -2.10929e+000  4.63333e+001
           129  1.29000e+002 -2.11053e+000  4.65000e+001
           130  1.30000e+002 -2.11177e+000  4.66667e+001
           131  1.31000e+002 -2.11301e+000  4.68333e+001
           132  1.32000e+002 -2.11415e+000  4.70000e+001
           133  1.33000e+002 -2.11532e+000  4.71667e+001
           134  1.34000e+002 -2.11639e+000  4.73333e+001
           135  1.35000e+002 -2.11739e+000  4.75000e+001
           136  1.36000e+002 -2.11832e+000  4.76667e+001
           137  1.37000e+002 -2.11934e+000  4.78333e+001
           138  1.38000e+002 -2.12046e+000  4.80000e+001
           139  1.39000e+002 -2.12161e+000  4.81667e+001
           140  1.40000e+002 -2.12270e+000  4.83333e+001
           141  1.41000e+002 -2.12378e+000  4.85000e+001
           142  1.42000e+002 -2.12492e+000  4.86667e+001
           143  1.43000e+002 -2.12613e+000  4.88333e+001
           144  1.44000e+002 -2.12732e+000  4.90000e+001
           145  1.45000e+002 -2.12846e+000  4.91667e+001
           146  1.46000e+002 -2.12955e+000  4.93333e+001
           147  1.47000e+002 -2.13054e+000  4.95000e+001
           148  1.48000e+002 -2.13148e+000  4.96667e+001
           149  1.49000e+002 -2.13242e+000  4.98333e+001
           150  1.50000e+002 -2.13344e+000  5.00000e+001
           151  1.51000e+002 -2.13444e+000  5.01667e+001
           152  1.52000e+002 -2.13533e+000  5.03333e+001
           153  1.53000e+002 -2.13639e+000  5.05000e+001
           154  1.54000e+002 -2.13755e+000  5.06667e+001
           155  1.55000e+002 -2.13875e+000  5.08333e+001
           156  1.56000e+002 -2.14008e+000  5.10000e+001
           157  1.57000e+002 -2.14137e+000  5.11667e+001
           158  1.58000e+002 -2.14266e+000  5.13333e+001
           159  1.59000e+002 -2.14396e+000  5.15000e+001
           160  1.60000e+002 -2.14517e+000  5.16667e+001
           161  1.61000e+002 -2.14624e+000  5.18333e+001
           162  1.62000e+002 -2.14728e+000  5.20000e+001
           163  1.63000e+002 -2.14828e+000  5.21667e+001
           164  1.64000e+002 -2.14911e+000  5.23333e+001
           165  1.65000e+002 -2.15015e+000  5.25000e+001
           166  1.66000e+002 -2.15125e+000  5.26667e+001
           167  1.67000e+002 -2.15240e+000  5.28333e+001
           168  1.68000e+002 -2.15365e+000  5.30000e+001
           169  1.69000e+002 -2.15483e+000  5.31667e+001
           170  1.70000e+002 -2.15604e+000  5.33333e+001
           171  1.71000e+002 -2.15732e+000  5.35000e+001
           172  1.72000e+002 -2.15853e+000  5.36667e+001
           173  1.73000e+002 -2.15966e+000  5.38333e+001
           174  1.74000e+002 -2.16081e+000  5.40000e+001
           175  1.75000e+002 -2.16200e+000  5.41667e+001
           176  1.76000e+002 -2.16315e+000  5.43333e+001
           177  1.77000e+002 -2.16429e+000  5.45000e+001
           178  1.78000e+002 -2.16545e+000  5.46667e+001
           179  1.79000e+002 -2.16657e+000  5.48333e+001
           180  1.80000e+002 -2.16756e+000  5.50000e+001
           181  1.81000e+002 -2.16854e+000  5.51667e+001
           182  1.82000e+002 -2.16954e+000  5.53333e+001
           183  1.83000e+002 -2.17057e+000  5.55000e+001
           184  1.84000e+002 -2.17151e+000  5.56667e+001
           185  1.85000e+002 -2.17254e+000  5.58333e+001
           186  1.86000e+002 -2.17361e+000  5.60000e+001
           187  1.87000e+002 -2.17474e+000  5.61667e+001
           188  1.88000e+002 -2.17608e+000  5.63333e+001
           189  1.89000e+002 -2.17745e+000  5.65000e+001
           190  1.90000e+002 -2.17886e+000  5.66667e+001
           191  1.91000e+002 -2.18027e+000  5.68333e+001
           192  1.92000e+002 -2.18180e+000  5.70000e+001
           193  1.93000e+002 -2.18322e+000  5.71667e+001
           194  1.94000e+002 -2.18454e+000  5.73333e+001
           195  1.95000e+002 -2.18586e+000  5.75000e+001
           196  1.96000e+002 -2.18702e+000  5.76667e+001
           197  1.97000e+002 -2.18828e+000  5.78333e+001
           198  1.98000e+002 -2.18951e+000  5.80000e+001
           199  1.99000e+002 -2.19071e+000  5.81667e+001
           200  2.00000e+002 -2.19175e+000  5.83333e+001
           201  2.01000e+002 -2.19277e+000  5.85000e+001
           202  2.02000e+002 -2.19385e+000  5.86667e+001
           203  2.03000e+002 -2.19502e+000  5.88333e+001
           204  2.04000e+002 -2.19620e+000  5.90000e+001
           205  2.05000e+002 -2.19750e+000  5.91667e+001
           206  2.06000e+002 -2.19886e+000  5.93333e+001
           207  2.07000e+002 -2.20023e+000  5.95000e+001
           208  2.08000e+002 -2.20184e+000  5.96667e+001
           209  2.09000e+002 -2.20327e+000  5.98333e+001
           210  2.10000e+002 -2.20463e+000  6.00000e+001
           211  2.11000e+002 -2.20597e+000  6.01667e+001
           212  2.12000e+002 -2.20719e+000  6.03333e+001
           213  2.13000e+002 -2.20846e+000  6.05000e+001
           214  2.14000e+002 -2.20982e+000  6.06667e+001
           215  2.15000e+002 -2.21123e+000  6.08333e+001
           216  2.16000e+002 -2.21265e+000  6.10000e+001
           217  2.17000e+002 -2.21412e+000  6.11667e+001
           218  2.18000e+002 -2.21563e+000  6.13333e+001
           219  2.19000e+002 -2.21712e+000  6.15000e+001
           220  2.20000e+002 -2.21863e+000  6.16667e+001
           221  2.21000e+002 -2.22012e+000  6.18333e+001
           222  2.22000e+002 -2.22164e+000  6.20000e+001
           223  2.23000e+002 -2.22313e+000  6.21667e+001
           224  2.24000e+002 -2.22436e+000  6.23333e+001
           225  2.25000e+002 -2.22561e+000  6.25000e+001
           226  2.26000e+002 -2.22684e+000  6.26667e+001
           227  2.27000e+002 -2.22808e+000  6.28333e+001
           228  2.28000e+002 -2.22912e+000  6.30000e+001
           229  2.29000e+002 -2.23032e+000  6.31667e+001
           230  2.30000e+002 -2.23157e+000  6.33333e+001
           231  2.31000e+002 -2.23283e+000  6.35000e+001
           232  2.32000e+002 -2.23436e+000  6.36667e+001
           233  2.33000e+002 -2.23582e+000  6.38333e+001
           234  2.34000e+002 -2.23723e+000  6.40000e+001
           235  2.35000e+002 -2.23861e+000  6.41667e+001
           236  2.36000e+002 -2.24013e+000  6.43333e+001
           237  2.37000e+002 -2.24156e+000  6.45000e+001
           238  2.38000e+002 -2.24293e+000  6.46667e+001
           239  2.39000e+002 -2.24417e+000  6.48333e+001
           240  2.40000e+002 -2.24533e+000  6.50000e+001
           241  2.41000e+002 -2.24652e+000  6.51667e+001
           242  2.42000e+002 -2.24770e+000  6.53333e+001
           243  2.43000e+002 -2.24889e+000  6.55000e+001
           244  2.44000e+002 -2.25005e+000  6.56667e+001
           245  2.45000e+002 -2.25128e+000  6.58333e+001
           246  2.46000e+002 -2.25251e+000  6.60000e+001
           247  2.47000e+002 -2.25374e+000  6.61667e+001
           248  2.48000e+002 -2.25502e+000  6.63333e+001
           249  2.49000e+002 -2.25623e+000  6.65000e+001
           250  2.50000e+002 -2.25736e+000  6.66667e+001
           251  2.51000e+002 -2.25847e+000  6.68333e+001
           252  2.52000e+002 -2.25938e+000  6.70000e+001
           253  2.53000e+002 -2.26028e+000  6.71667e+001
           254  2.54000e+002 -2.26119e+000  6.73333e+001
           255  2.55000e+002 -2.26204e+000  6.75000e+001
           256  2.56000e+002 -2.26267e+000  6.76667e+001
           257  2.57000e+002 -2.26336e+000  6.78333e+001
           258  2.58000e+002 -2.26401e+000  6.80000e+001
           259  2.59000e+002 -2.26462e+000  6.81667e+001
           260  2.60000e+002 -2.26500e+000  6.83333e+001
           261  2.61000e+002 -2.26528e+000  6.85000e+001
           262  2.62000e+002 -2.26545e+000  6.86667e+001
           263  2.63000e+002 -2.26572e+000  6.88333e+001
           264  2.64000e+002 -2.26494e+000  6.90000e+001
           265  2.65000e+002 -2.26460e+000  6.91667e+001
           266  2.66000e+002 -2.26432e+000  6.93333e+001
           267  2.67000e+002 -2.26406e+000  6.95000e+001
           268  2.68000e+002 -2.26378e+000  6.96667e+001
           269  2.69000e+002 -2.26356e+000  6.98333e+001
           270  2.70000e+002 -2.26334e+000  7.00000e+001
           271  2.71000e+002 -2.26304e+000  7.01667e+001
           272  2.72000e+002 -2.26279e+000  7.03333e+001
           273  2.73000e+002 -2.26250e+000  7.05000e+001
           274  2.74000e+002 -2.26212e+000  7.06667e+001
           275  2.75000e+002 -2.26178e+000  7.08333e+001
           276  2.76000e+002 -2.26136e+000  7.10000e+001
           277  2.77000e+002 -2.26100e+000  7.11667e+001
           278  2.78000e+002 -2.26064e+000  7.13333e+001
           279  2.79000e+002 -2.26021e+000  7.15000e+001
           280  2.80000e+002 -2.25983e+000  7.16667e+001
           281  2.81000e+002 -2.25944e+000  7.18333e+001
           282  2.82000e+002 -2.25900e+000  7.20000e+001
           283  2.83000e+002 -2.25849e+000  7.21667e+001
           284  2.84000e+002 -2.25797e+000  7.23333e+001
           285  2.85000e+002 -2.25756e+000  7.25000e+001
           286  2.86000e+002 -2.25728e+000  7.26667e+001
           287  2.87000e+002 -2.25706e+000  7.28333e+001
           288  2.88000e+002 -2.25695e+000  7.30000e+001
           289  2.89000e+002 -2.25682e+000  7.31667e+001
           290  2.90000e+002 -2.25679e+000  7.33333e+001
           291  2.91000e+002 -2.25682e+000  7.35000e+001
           292  2.92000e+002 -2.25692e+000  7.36667e+001
           293  2.93000e+002 -2.25687e+000  7.38333e+001
           294  2.94000e+002 -2.25680e+000  7.40000e+001
           295  2.95000e+002 -2.25676e+000  7.41667e+001
           296  2.96000e+002 -2.25677e+000  7.43333e+001
           297  2.97000e+002 -2.25687e+000  7.45000e+001
           298  2.98000e+002 -2.25695e+000  7.46667e+001
           299  2.99000e+002 -2.25705e+000  7.48333e+001
           300  3.00000e+002 -2.25731e+000  7.50000e+001
           301  3.01000e+002 -2.25745e+000  7.51667e+001
           302  3.02000e+002 -2.25749e+000  7.53333e+001
           303  3.03000e+002 -2.25745e+000  7.55000e+001
           304  3.04000e+002 -2.25729e+000  7.56667e+001
           305  3.05000e+002 -2.25721e+000  7.58333e+001
           306  3.06000e+002 -2.25720e+000  7.60000e+001
           307  3.07000e+002 -2.25721e+000  7.61667e+001
           308  3.08000e+002 -2.25731e+000  7.63333e+001
           309  3.09000e+002 -2.25745e+000  7.65000e+001
           310  3.10000e+002 -2.25759e+000  7.66667e+001
           311  3.11000e+002 -2.25772e+000  7.68333e+001
           312  3.12000e+002 -2.25798e+000  7.70000e+001
           313  3.13000e+002 -2.25813e+000  7.71667e+001
           314  3.14000e+002 -2.25822e+000  7.73333e+001
           315  3.15000e+002 -2.25829e+000  7.75000e+001
           316  3.16000e+002 -2.25839e+000  7.76667e+001
           317  3.17000e+002 -2.25840e+000  7.78333e+001
           318  3.18000e+002 -2.25834e+000  7.80000e+001
           319  3.19000e+002 -2.25824e+000  7.81667e+001
           320  3.20000e+002 -2.25809e+000  7.83333e+001
           321  3.21000e+002 -2.25794e+000  7.85000e+001
           322  3.22000e+002 -2.25784e+000  7.86667e+001
           323  3.23000e+002 -2.25777e+000  7.88333e+001
           324  3.24000e+002 -2.25758e+000  7.90000e+001
           325  3.25000e+002 -2.25752e+000  7.91667e+001
           326  3.26000e+002 -2.25741e+000  7.93333e+001
           327  3.27000e+002 -2.25729e+000  7.95000e+001
           328  3.28000e+002 -2.25727e+000  7.96667e+001
           329  3.29000e+002 -2.25719e+000  7.98333e+001
           330  3.30000e+002 -2.25708e+000  8.00000e+001
           331  3.31000e+002 -2.25692e+000  8.01667e+001
           332  3.32000e+002 -2.25673e+000  8.03333e+001
           333  3.33000e+002 -2.25652e+000  8.05000e+001
           334  3.34000e+002 -2.25632e+000  8.06667e+001
           335  3.35000e+002 -2.25620e+000  8.08333e+001
           336  3.36000e+002 -2.25615e+000  8.10000e+001
           337  3.37000e+002 -2.25605e+000  8.11667e+001
           338  3.38000e+002 -2.25600e+000  8.13333e+001
           339  3.39000e+002 -2.25603e+000  8.15000e+001
           340  3.40000e+002 -2.25402e+000  8.16667e+001
           341  3.41000e+002 -2.24553e+000  8.18333e+001
           342  3.42000e+002 -2.23640e+000  8.20000e+001
           343  3.43000e+002 -2.23008e+000  8.21667e+001
           344  3.44000e+002 -2.23182e+000  8.23333e+001
           345  3.45000e+002 -2.23458e+000  8.25000e+001
           346  3.46000e+002 -2.23748e+000  8.26667e+001
           347  3.47000e+002 -2.24023e+000  8.28333e+001
           348  3.48000e+002 -2.24307e+000  8.30000e+001
           349  3.49000e+002 -2.24569e+000  8.31667e+001
           350  3.50000e+002 -2.24767e+000  8.33333e+001
           351  3.51000e+002 -2.24918e+000  8.35000e+001
           352  3.52000e+002 -2.25003e+000  8.36667e+001
           353  3.53000e+002 -2.25089e+000  8.38333e+001
           354  3.54000e+002 -2.25142e+000  8.40000e+001
           355  3.55000e+002 -2.25166e+000  8.41667e+001
           356  3.56000e+002 -2.25176e+000  8.43333e+001
           357  3.57000e+002 -2.25198e+000  8.45000e+001
           358  3.58000e+002 -2.25209e+000  8.46667e+001
           359  3.59000e+002 -2.25213e+000  8.48333e+001
           360  3.60000e+002 -2.25208e+000  8.50000e+001
           361  3.61000e+002 -2.25201e+000  8.51667e+001
           362  3.62000e+002 -2.25186e+000  8.53333e+001
           363  3.63000e+002 -2.25163e+000  8.55000e+001
           364  3.64000e+002 -2.25121e+000  8.56667e+001
           365  3.65000e+002 -2.25090e+000  8.58333e+001
           366  3.66000e+002 -2.25060e+000  8.60000e+001
           367  3.67000e+002 -2.25029e+000  8.61667e+001
           368  3.68000e+002 -2.24994e+000  8.63333e+001
           369  3.69000e+002 -2.24961e+000  8.65000e+001
           370  3.70000e+002 -2.24928e+000  8.66667e+001
           371  3.71000e+002 -2.24895e+000  8.68333e+001
           372  3.72000e+002 -2.24853e+000  8.70000e+001
           373  3.73000e+002 -2.24801e+000  8.71667e+001
           374  3.74000e+002 -2.24737e+000  8.73333e+001
           375  3.75000e+002 -2.24669e+000  8.75000e+001
           376  3.76000e+002 -2.24578e+000  8.76667e+001
           377  3.77000e+002 -2.24493e+000  8.78333e+001
           378  3.78000e+002 -2.24402e+000  8.80000e+001
           379  3.79000e+002 -2.24309e+000  8.81667e+001
           380  3.80000e+002 -2.24208e+000  8.83333e+001
           381  3.81000e+002 -2.24124e+000  8.85000e+001
           382  3.82000e+002 -2.24048e+000  8.86667e+001
           383  3.83000e+002 -2.23964e+000  8.88333e+001
           384  3.84000e+002 -2.23954e+000  8.90000e+001
           385  3.85000e+002 -2.23954e+000  8.91667e+001
           386  3.86000e+002 -2.23948e+000  8.93333e+001
           387  3.87000e+002 -2.23944e+000  8.95000e+001
           388  3.88000e+002 -2.23973e+000  8.96667e+001
           389  3.89000e+002 -2.23977e+000  8.98333e+001
           390  3.90000e+002 -2.23980e+000  9.00000e+001
           391  3.91000e+002 -2.23988e+000  9.01667e+001
           392  3.92000e+002 -2.23981e+000  9.03333e+001
           393  3.93000e+002 -2.23980e+000  9.05000e+001
           394  3.94000e+002 -2.23978e+000  9.06667e+001
           395  3.95000e+002 -2.23973e+000  9.08333e+001
           396  3.96000e+002 -2.23954e+000  9.10000e+001
           397  3.97000e+002 -2.23933e+000  9.11667e+001
           398  3.98000e+002 -2.23917e+000  9.13333e+001
           399  3.99000e+002 -2.23904e+000  9.15000e+001
           400  4.00000e+002 -2.23874e+000  9.16667e+001
           401  4.01000e+002 -2.23854e+000  9.18333e+001
           402  4.02000e+002 -2.23834e+000  9.20000e+001
           403  4.03000e+002 -2.23814e+000  9.21667e+001
           404  4.04000e+002 -2.23790e+000  9.23333e+001
           405  4.05000e+002 -2.23765e+000  9.25000e+001
           406  4.06000e+002 -2.23742e+000  9.26667e+001
           407  4.07000e+002 -2.23724e+000  9.28333e+001
           408  4.08000e+002 -2.23708e+000  9.30000e+001
           409  4.09000e+002 -2.23701e+000  9.31667e+001
           410  4.10000e+002 -2.23704e+000  9.33333e+001
           411  4.11000e+002 -2.23718e+000  9.35000e+001
           412  4.12000e+002 -2.23757e+000  9.36667e+001
           413  4.13000e+002 -2.23781e+000  9.38333e+001
           414  4.14000e+002 -2.23808e+000  9.40000e+001
           415  4.15000e+002 -2.23840e+000  9.41667e+001
           416  4.16000e+002 -2.23874e+000  9.43333e+001
           417  4.17000e+002 -2.23909e+000  9.45000e+001
           418  4.18000e+002 -2.23944e+000  9.46667e+001
           419  4.19000e+002 -2.23983e+000  9.48333e+001
           420  4.20000e+002 -2.24038e+000  9.50000e+001
           421  4.21000e+002 -2.24094e+000  9.51667e+001
           422  4.22000e+002 -2.24156e+000  9.53333e+001
           423  4.23000e+002 -2.24220e+000  9.55000e+001
           424  4.24000e+002 -2.24299e+000  9.56667e+001
           425  4.25000e+002 -2.24358e+000  9.58333e+001
           426  4.26000e+002 -2.24413e+000  9.60000e+001
           427  4.27000e+002 -2.24472e+000  9.61667e+001
           428  4.28000e+002 -2.24532e+000  9.63333e+001
           429  4.29000e+002 -2.24598e+000  9.65000e+001
           430  4.30000e+002 -2.24664e+000  9.66667e+001
           431  4.31000e+002 -2.24730e+000  9.68333e+001
           432  4.32000e+002 -2.24814e+000  9.70000e+001
           433  4.33000e+002 -2.24894e+000  9.71667e+001
           434  4.34000e+002 -2.24969e+000  9.73333e+001
           435  4.35000e+002 -2.25041e+000  9.75000e+001
           436  4.36000e+002 -2.25108e+000  9.76667e+001
           437  4.37000e+002 -2.25177e+000  9.78333e+001
           438  4.38000e+002 -2.25251e+000  9.80000e+001
           439  4.39000e+002 -2.25330e+000  9.81667e+001
           440  4.40000e+002 -2.25412e+000  9.83333e+001
           441  4.41000e+002 -2.25508e+000  9.85000e+001
           442  4.42000e+002 -2.25614e+000  9.86667e+001
           443  4.43000e+002 -2.25719e+000  9.88333e+001
           444  4.44000e+002 -2.25857e+000  9.90000e+001
           445  4.45000e+002 -2.25985e+000  9.91667e+001
           446  4.46000e+002 -2.26110e+000  9.93333e+001
           447  4.47000e+002 -2.26230e+000  9.95000e+001
           448  4.48000e+002 -2.26362e+000  9.96667e+001
           449  4.49000e+002 -2.26483e+000  9.98333e+001
           450  4.50000e+002 -2.26601e+000  1.00000e+002
           451  4.51000e+002 -2.26722e+000  1.00167e+002
           452  4.52000e+002 -2.26832e+000  1.00333e+002
           453  4.53000e+002 -2.26949e+000  1.00500e+002
           454  4.54000e+002 -2.27068e+000  1.00667e+002
           455  4.55000e+002 -2.27192e+000  1.00833e+002
           456  4.56000e+002 -2.27313e+000  1.01000e+002
           457  4.57000e+002 -2.27437e+000  1.01167e+002
           458  4.58000e+002 -2.27562e+000  1.01333e+002
           459  4.59000e+002 -2.27684e+000  1.01500e+002
           460  4.60000e+002 -2.27819e+000  1.01667e+002
           461  4.61000e+002 -2.27957e+000  1.01833e+002
           462  4.62000e+002 -2.28099e+000  1.02000e+002
           463  4.63000e+002 -2.28242e+000  1.02167e+002
           464  4.64000e+002 -2.28393e+000  1.02333e+002
           465  4.65000e+002 -2.28528e+000  1.02500e+002
           466  4.66000e+002 -2.28657e+000  1.02667e+002
           467  4.67000e+002 -2.28786e+000  1.02833e+002
           468  4.68000e+002 -2.28903e+000  1.03000e+002
           469  4.69000e+002 -2.29026e+000  1.03167e+002
           470  4.70000e+002 -2.29153e+000  1.03333e+002
           471  4.71000e+002 -2.29281e+000  1.03500e+002
           472  4.72000e+002 -2.29414e+000  1.03667e+002
           473  4.73000e+002 -2.29542e+000  1.03833e+002
           474  4.74000e+002 -2.29665e+000  1.04000e+002
           475  4.75000e+002 -2.29788e+000  1.04167e+002
           476  4.76000e+002 -2.29923e+000  1.04333e+002
           477  4.77000e+002 -2.30064e+000  1.04500e+002
           478  4.78000e+002 -2.30200e+000  1.04667e+002
           479  4.79000e+002 -2.30335e+000  1.04833e+002
           480  4.80000e+002 -2.30478e+000  1.05000e+002
           481  4.81000e+002 -2.30611e+000  1.05167e+002
           482  4.82000e+002 -2.30742e+000  1.05333e+002
           483  4.83000e+002 -2.30875e+000  1.05500e+002
           484  4.84000e+002 -2.31000e+000  1.05667e+002
           485  4.85000e+002 -2.31130e+000  1.05833e+002
           486  4.86000e+002 -2.31259e+000  1.06000e+002
           487  4.87000e+002 -2.31387e+000  1.06167e+002
           488  4.88000e+002 -2.31524e+000  1.06333e+002
           489  4.89000e+002 -2.31656e+000  1.06500e+002
           490  4.90000e+002 -2.31788e+000  1.06667e+002
           491  4.91000e+002 -2.31922e+000  1.06833e+002
           492  4.92000e+002 -2.32067e+000  1.07000e+002
           493  4.93000e+002 -2.32214e+000  1.07167e+002
           494  4.94000e+002 -2.32361e+000  1.07333e+002
           495  4.95000e+002 -2.32512e+000  1.07500e+002
           496  4.96000e+002 -2.32670e+000  1.07667e+002
           497  4.97000e+002 -2.32823e+000  1.07833e+002
           498  4.98000e+002 -2.32972e+000  1.08000e+002
           499  4.99000e+002 -2.33121e+000  1.08167e+002
           500  5.00000e+002 -2.33258e+000  1.08333e+002
           501  5.01000e+002 -2.33396e+000  1.08500e+002
           502  5.02000e+002 -2.33530e+000  1.08667e+002
           503  5.03000e+002 -2.33661e+000  1.08833e+002
           504  5.04000e+002 -2.33777e+000  1.09000e+002
           505  5.05000e+002 -2.33895e+000  1.09167e+002
           506  5.06000e+002 -2.34009e+000  1.09333e+002
           507  5.07000e+002 -2.34121e+000  1.09500e+002
           508  5.08000e+002 -2.34218e+000  1.09667e+002
           509  5.09000e+002 -2.34328e+000  1.09833e+002
           510  5.10000e+002 -2.34443e+000  1.10000e+002
           511  5.11000e+002 -2.34560e+000  1.10167e+002
           512  5.12000e+002 -2.34678e+000  1.10333e+002
           513  5.13000e+002 -2.34785e+000  1.10500e+002
           514  5.14000e+002 -2.34886e+000  1.10667e+002
           515  5.15000e+002 -2.34988e+000  1.10833e+002
           516  5.16000e+002 -2.35088e+000  1.11000e+002
           517  5.17000e+002 -2.35200e+000  1.11167e+002
           518  5.18000e+002 -2.35316e+000  1.11333e+002
           519  5.19000e+002 -2.35435e+000  1.11500e+002
           520  5.20000e+002 -2.35561e+000  1.11667e+002
           521  5.21000e+002 -2.35686e+000  1.11833e+002
           522  5.22000e+002 -2.35810e+000  1.12000e+002
           523  5.23000e+002 -2.35929e+000  1.12167e+002
           524  5.24000e+002 -2.36049e+000  1.12333e+002
           525  5.25000e+002 -2.36164e+000  1.12500e+002
           526  5.26000e+002 -2.36268e+000  1.12667e+002
           527  5.27000e+002 -2.36366e+000  1.12833e+002
           528  5.28000e+002 -2.36458e+000  1.13000e+002
           529  5.29000e+002 -2.36548e+000  1.13167e+002
           530  5.30000e+002 -2.36636e+000  1.13333e+002
           531  5.31000e+002 -2.36726e+000  1.13500e+002
           532  5.32000e+002 -2.36819e+000  1.13667e+002
           533  5.33000e+002 -2.36923e+000  1.13833e+002
           534  5.34000e+002 -2.37029e+000  1.14000e+002
           535  5.35000e+002 -2.37134e+000  1.14167e+002
           536  5.36000e+002 -2.37265e+000  1.14333e+002
           537  5.37000e+002 -2.37382e+000  1.14500e+002
           538  5.38000e+002 -2.37496e+000  1.14667e+002
           539  5.39000e+002 -2.37605e+000  1.14833e+002
           540  5.40000e+002 -2.37712e+000  1.15000e+002
           541  5.41000e+002 -2.37819e+000  1.15167e+002
           542  5.42000e+002 -2.37922e+000  1.15333e+002
           543  5.43000e+002 -2.38021e+000  1.15500e+002
           544  5.44000e+002 -2.38100e+000  1.15667e+002
           545  5.45000e+002 -2.38185e+000  1.15833e+002
           546  5.46000e+002 -2.38274e+000  1.16000e+002
           547  5.47000e+002 -2.38362e+000  1.16167e+002
           548  5.48000e+002 -2.38441e+000  1.16333e+002
           549  5.49000e+002 -2.38537e+000  1.16500e+002
           550  5.50000e+002 -2.38641e+000  1.16667e+002
           551  5.51000e+002 -2.38746e+000  1.16833e+002
           552  5.52000e+002 -2.38861e+000  1.17000e+002
           553  5.53000e+002 -2.38967e+000  1.17167e+002
           554  5.54000e+002 -2.39068e+000  1.17333e+002
           555  5.55000e+002 -2.39168e+000  1.17500e+002
           556  5.56000e+002 -2.39248e+000  1.17667e+002
           557  5.57000e+002 -2.39335e+000  1.17833e+002
           558  5.58000e+002 -2.39418e+000  1.18000e+002
           559  5.59000e+002 -2.39498e+000  1.18167e+002
           560  5.60000e+002 -2.39557e+000  1.18333e+002
           561  5.61000e+002 -2.39623e+000  1.18500e+002
           562  5.62000e+002 -2.39692e+000  1.18667e+002
           563  5.63000e+002 -2.39762e+000  1.18833e+002
           564  5.64000e+002 -2.39817e+000  1.19000e+002
           565  5.65000e+002 -2.39882e+000  1.19167e+002
           566  5.66000e+002 -2.39945e+000  1.19333e+002
           567  5.67000e+002 -2.40008e+000  1.19500e+002
           568  5.68000e+002 -2.40079e+000  1.19667e+002
           569  5.69000e+002 -2.40150e+000  1.19833e+002
           570  5.70000e+002 -2.40221e+000  1.20000e+002
           571  5.71000e+002 -2.40290e+000  1.20167e+002
           572  5.72000e+002 -2.40361e+000  1.20333e+002
           573  5.73000e+002 -2.40429e+000  1.20500e+002
           574  5.74000e+002 -2.40497e+000  1.20667e+002
           575  5.75000e+002 -2.40565e+000  1.20833e+002
           576  5.76000e+002 -2.40619e+000  1.21000e+002
           577  5.77000e+002 -2.40676e+000  1.21167e+002
           578  5.78000e+002 -2.40736e+000  1.21333e+002
           579  5.79000e+002 -2.40793e+000  1.21500e+002
           580  5.80000e+002 -2.40847e+000  1.21667e+002
           581  5.81000e+002 -2.40905e+000  1.21833e+002
           582  5.82000e+002 -2.40961e+000  1.22000e+002
           583  5.83000e+002 -2.41014e+000  1.22167e+002
           584  5.84000e+002 -2.41056e+000  1.22333e+002
           585  5.85000e+002 -2.41093e+000  1.22500e+002
           586  5.86000e+002 -2.41131e+000  1.22667e+002
           587  5.87000e+002 -2.41174e+000  1.22833e+002
           588  5.88000e+002 -2.41215e+000  1.23000e+002
           589  5.89000e+002 -2.41270e+000  1.23167e+002
           590  5.90000e+002 -2.41334e+000  1.23333e+002
           591  5.91000e+002 -2.41405e+000  1.23500e+002
           592  5.92000e+002 -2.41507e+000  1.23667e+002
           593  5.93000e+002 -2.41585e+000  1.23833e+002
           594  5.94000e+002 -2.41651e+000  1.24000e+002
           595  5.95000e+002 -2.41712e+000  1.24167e+002
           596  5.96000e+002 -2.41753e+000  1.24333e+002
           597  5.97000e+002 -2.41793e+000  1.24500e+002
           598  5.98000e+002 -2.41826e+000  1.24667e+002
           599  5.99000e+002 -2.41855e+000  1.24833e+002
           600  6.00000e+002 -2.41872e+000  1.25000e+002
           601  6.01000e+002 -2.41897e+000  1.25167e+002
           602  6.02000e+002 -2.41921e+000  1.25333e+002
           603  6.03000e+002 -2.41941e+000  1.25500e+002
           604  6.04000e+002 -2.41953e+000  1.25667e+002
           605  6.05000e+002 -2.41969e+000  1.25833e+002
           606  6.06000e+002 -2.41971e+000  1.26000e+002
           607  6.07000e+002 -2.41946e+000  1.26167e+002
           608  6.08000e+002 -2.41709e+000  1.26333e+002
           609  6.09000e+002 -2.41353e+000  1.26500e+002
           610  6.10000e+002 -2.41247e+000  1.26667e+002
           611  6.11000e+002 -2.41258e+000  1.26833e+002
           612  6.12000e+002 -2.41381e+000  1.27000e+002
           613  6.13000e+002 -2.41452e+000  1.27167e+002
           614  6.14000e+002 -2.41513e+000  1.27333e+002
           615  6.15000e+002 -2.41583e+000  1.27500e+002
           616  6.16000e+002 -2.41637e+000  1.27667e+002
           617  6.17000e+002 -2.41685e+000  1.27833e+002
           618  6.18000e+002 -2.41725e+000  1.28000e+002
           619  6.19000e+002 -2.41761e+000  1.28167e+002
           620  6.20000e+002 -2.41754e+000  1.28333e+002
           621  6.21000e+002 -2.41757e+000  1.28500e+002
           622  6.22000e+002 -2.41760e+000  1.28667e+002
           623  6.23000e+002 -2.41760e+000  1.28833e+002
           624  6.24000e+002 -2.41729e+000  1.29000e+002
           625  6.25000e+002 -2.41714e+000  1.29167e+002
           626  6.26000e+002 -2.41705e+000  1.29333e+002
           627  6.27000e+002 -2.41698e+000  1.29500e+002
           628  6.28000e+002 -2.41711e+000  1.29667e+002
           629  6.29000e+002 -2.41727e+000  1.29833e+002
           630  6.30000e+002 -2.41758e+000  1.30000e+002
           631  6.31000e+002 -2.41797e+000  1.30167e+002
           632  6.32000e+002 -2.41858e+000  1.30333e+002
           633  6.33000e+002 -2.41901e+000  1.30500e+002
           634  6.34000e+002 -2.41940e+000  1.30667e+002
           635  6.35000e+002 -2.41978e+000  1.30833e+002
           636  6.36000e+002 -2.42004e+000  1.31000e+002
           637  6.37000e+002 -2.42040e+000  1.31167e+002
           638  6.38000e+002 -2.42080e+000  1.31333e+002
           639  6.39000e+002 -2.42120e+000  1.31500e+002
           640  6.40000e+002 -2.42167e+000  1.31667e+002
           641  6.41000e+002 -2.42216e+000  1.31833e+002
           642  6.42000e+002 -2.42269e+000  1.32000e+002
           643  6.43000e+002 -2.42322e+000  1.32167e+002
           644  6.44000e+002 -2.42377e+000  1.32333e+002
           645  6.45000e+002 -2.42420e+000  1.32500e+002
           646  6.46000e+002 -2.42454e+000  1.32667e+002
           647  6.47000e+002 -2.42481e+000  1.32833e+002
           648  6.48000e+002 -2.42492e+000  1.33000e+002
           649  6.49000e+002 -2.42520e+000  1.33167e+002
           650  6.50000e+002 -2.42551e+000  1.33333e+002
           651  6.51000e+002 -2.42578e+000  1.33500e+002
           652  6.52000e+002 -2.42592e+000  1.33667e+002
           653  6.53000e+002 -2.42602e+000  1.33833e+002
           654  6.54000e+002 -2.42609e+000  1.34000e+002
           655  6.55000e+002 -2.42614e+000  1.34167e+002
           656  6.56000e+002 -2.42599e+000  1.34333e+002
           657  6.57000e+002 -2.42594e+000  1.34500e+002
           658  6.58000e+002 -2.42595e+000  1.34667e+002
           659  6.59000e+002 -2.42596e+000  1.34833e+002
           660  6.60000e+002 -2.42603e+000  1.35000e+002
           661  6.61000e+002 -2.42605e+000  1.35167e+002
           662  6.62000e+002 -2.42611e+000  1.35333e+002
           663  6.63000e+002 -2.42623e+000  1.35500e+002
           664  6.64000e+002 -2.42633e+000  1.35667e+002
           665  6.65000e+002 -2.42641e+000  1.35833e+002
           666  6.66000e+002 -2.42645e+000  1.36000e+002
           667  6.67000e+002 -2.42647e+000  1.36167e+002
           668  6.68000e+002 -2.42650e+000  1.36333e+002
           669  6.69000e+002 -2.42649e+000  1.36500e+002
           670  6.70000e+002 -2.42638e+000  1.36667e+002
           671  6.71000e+002 -2.42625e+000  1.36833e+002
           672  6.72000e+002 -2.42601e+000  1.37000e+002
           673  6.73000e+002 -2.42581e+000  1.37167e+002
           674  6.74000e+002 -2.42556e+000  1.37333e+002
           675  6.75000e+002 -2.42529e+000  1.37500e+002
           676  6.76000e+002 -2.42492e+000  1.37667e+002
           677  6.77000e+002 -2.42458e+000  1.37833e+002
           678  6.78000e+002 -2.42421e+000  1.38000e+002
           679  6.79000e+002 -2.42387e+000  1.38167e+002
           680  6.80000e+002 -2.42366e+000  1.38333e+002
           681  6.81000e+002 -2.42345e+000  1.38500e+002
           682  6.82000e+002 -2.42324e+000  1.38667e+002
           683  6.83000e+002 -2.42303e+000  1.38833e+002
           684  6.84000e+002 -2.42296e+000  1.39000e+002
           685  6.85000e+002 -2.42282e+000  1.39167e+002
           686  6.86000e+002 -2.42267e+000  1.39333e+002
           687  6.87000e+002 -2.42254e+000  1.39500e+002
           688  6.88000e+002 -2.42229e+000  1.39667e+002
           689  6.89000e+002 -2.42204e+000  1.39833e+002
           690  6.90000e+002 -2.42189e+000  1.40000e+002
           691  6.91000e+002 -2.42181e+000  1.40167e+002
           692  6.92000e+002 -2.42192e+000  1.40333e+002
           693  6.93000e+002 -2.42217e+000  1.40500e+002
           694  6.94000e+002 -2.42251e+000  1.40667e+002
           695  6.95000e+002 -2.42287e+000  1.40833e+002
           696  6.96000e+002 -2.42351e+000  1.41000e+002
           697  6.97000e+002 -2.42392e+000  1.41167e+002
           698  6.98000e+002 -2.42422e+000  1.41333e+002
           699  6.99000e+002 -2.42446e+000  1.41500e+002
           700  7.00000e+002 -2.42446e+000  1.41667e+002
           701  7.01000e+002 -2.42460e+000  1.41833e+002
           702  7.02000e+002 -2.42472e+000  1.42000e+002
           703  7.03000e+002 -2.42482e+000  1.42167e+002
           704  7.04000e+002 -2.42488e+000  1.42333e+002
           705  7.05000e+002 -2.42495e+000  1.42500e+002
           706  7.06000e+002 -2.42508e+000  1.42667e+002
           707  7.07000e+002 -2.42520e+000  1.42833e+002
           708  7.08000e+002 -2.42516e+000  1.43000e+002
           709  7.09000e+002 -2.42509e+000  1.43167e+002
           710  7.10000e+002 -2.42499e+000  1.43333e+002
           711  7.11000e+002 -2.42488e+000  1.43500e+002
           712  7.12000e+002 -2.42449e+000  1.43667e+002
           713  7.13000e+002 -2.42417e+000  1.43833e+002
           714  7.14000e+002 -2.42388e+000  1.44000e+002
           715  7.15000e+002 -2.42358e+000  1.44167e+002
           716  7.16000e+002 -2.42325e+000  1.44333e+002
           717  7.17000e+002 -2.42304e+000  1.44500e+002
           718  7.18000e+002 -2.42290e+000  1.44667e+002
           719  7.19000e+002 -2.42282e+000  1.44833e+002
           720  7.20000e+002 -2.42301e+000  1.45000e+002
           721  7.21000e+002 -2.42316e+000  1.45167e+002
           722  7.22000e+002 -2.42333e+000  1.45333e+002
           723  7.23000e+002 -2.42352e+000  1.45500e+002
           724  7.24000e+002 -2.42410e+000  1.45667e+002
           725  7.25000e+002 -2.42463e+000  1.45833e+002
           726  7.26000e+002 -2.42523e+000  1.46000e+002
           727  7.27000e+002 -2.42591e+000  1.46167e+002
           728  7.28000e+002 -2.42692e+000  1.46333e+002
           729  7.29000e+002 -2.42782e+000  1.46500e+002
           730  7.30000e+002 -2.42874e+000  1.46667e+002
           731  7.31000e+002 -2.42969e+000  1.46833e+002
           732  7.32000e+002 -2.43064e+000  1.47000e+002
           733  7.33000e+002 -2.43151e+000  1.47167e+002
           734  7.34000e+002 -2.43226e+000  1.47333e+002
           735  7.35000e+002 -2.43280e+000  1.47500e+002
           736  7.36000e+002 -2.43348e+000  1.47667e+002
           737  7.37000e+002 -2.43402e+000  1.47833e+002
           738  7.38000e+002 -2.43362e+000  1.48000e+002
           739  7.39000e+002 -2.43359e+000  1.48167e+002
           740  7.40000e+002 -2.43384e+000  1.48333e+002
           741  7.41000e+002 -2.43413e+000  1.48500e+002
           742  7.42000e+002 -2.43472e+000  1.48667e+002
           743  7.43000e+002 -2.43525e+000  1.48833e+002
           744  7.44000e+002 -2.43615e+000  1.49000e+002
           745  7.45000e+002 -2.43688e+000  1.49167e+002
           746  7.46000e+002 -2.43757e+000  1.49333e+002
           747  7.47000e+002 -2.43817e+000  1.49500e+002
           748  7.48000e+002 -2.43989e+000  1.49667e+002
           749  7.49000e+002 -2.44476e+000  1.49833e+002
           750  7.50000e+002 -2.44878e+000  1.50000e+002
           751  7.51000e+002 -2.44972e+000  1.50167e+002
           752  7.52000e+002 -2.44887e+000  1.50333e+002
           753  7.53000e+002 -2.44852e+000  1.50500e+002
           754  7.54000e+002 -2.44870e+000  1.50667e+002
           755  7.55000e+002 -2.44868e+000  1.50833e+002
           756  7.56000e+002 -2.44937e+000  1.51000e+002
           757  7.57000e+002 -2.44987e+000  1.51167e+002
           758  7.58000e+002 -2.45042e+000  1.51333e+002
           759  7.59000e+002 -2.45103e+000  1.51500e+002
           760  7.60000e+002 -2.45187e+000  1.51667e+002
           761  7.61000e+002 -2.45258e+000  1.51833e+002
           762  7.62000e+002 -2.45327e+000  1.52000e+002
           763  7.63000e+002 -2.45399e+000  1.52167e+002
           764  7.64000e+002 -2.45460e+000  1.52333e+002
           765  7.65000e+002 -2.45517e+000  1.52500e+002
           766  7.66000e+002 -2.45578e+000  1.52667e+002
           767  7.67000e+002 -2.45638e+000  1.52833e+002
           768  7.68000e+002 -2.45658e+000  1.53000e+002
           769  7.69000e+002 -2.45513e+000  1.53167e+002
           770  7.70000e+002 -2.45193e+000  1.53333e+002
           771  7.71000e+002 -2.45081e+000  1.53500e+002
           772  7.72000e+002 -2.45232e+000  1.53667e+002
           773  7.73000e+002 -2.45376e+000  1.53833e+002
           774  7.74000e+002 -2.45506e+000  1.54000e+002
           775  7.75000e+002 -2.45620e+000  1.54167e+002
           776  7.76000e+002 -2.45777e+000  1.54333e+002
           777  7.77000e+002 -2.45932e+000  1.54500e+002
           778  7.78000e+002 -2.46078e+000  1.54667e+002
           779  7.79000e+002 -2.46223e+000  1.54833e+002
           780  7.80000e+002 -2.46432e+000  1.55000e+002
           781  7.81000e+002 -2.48466e+000  1.55167e+002
           782  7.82000e+002 -2.53688e+000  1.55333e+002
           783  7.83000e+002 -2.58180e+000  1.55500e+002
           784  7.84000e+002 -2.57241e+000  1.55667e+002
           785  7.85000e+002 -2.56370e+000  1.55833e+002
           786  7.86000e+002 -2.55624e+000  1.56000e+002
           787  7.87000e+002 -2.54980e+000  1.56167e+002
           788  7.88000e+002 -2.54618e+000  1.56333e+002
           789  7.89000e+002 -2.54343e+000  1.56500e+002
           790  7.90000e+002 -2.54108e+000  1.56667e+002
           791  7.91000e+002 -2.53876e+000  1.56833e+002
           792  7.92000e+002 -2.53748e+000  1.57000e+002
           793  7.93000e+002 -2.53596e+000  1.57167e+002
           794  7.94000e+002 -2.53453e+000  1.57333e+002
           795  7.95000e+002 -2.53323e+000  1.57500e+002
           796  7.96000e+002 -2.53256e+000  1.57667e+002
           797  7.97000e+002 -2.53185e+000  1.57833e+002
           798  7.98000e+002 -2.53129e+000  1.58000e+002
           799  7.99000e+002 -2.53084e+000  1.58167e+002
           800  8.00000e+002 -2.53106e+000  1.58333e+002
           801  8.01000e+002 -2.53111e+000  1.58500e+002
           802  8.02000e+002 -2.53115e+000  1.58667e+002
           803  8.03000e+002 -2.53123e+000  1.58833e+002
           804  8.04000e+002 -2.53179e+000  1.59000e+002
           805  8.05000e+002 -2.53219e+000  1.59167e+002
           806  8.06000e+002 -2.53259e+000  1.59333e+002
           807  8.07000e+002 -2.53300e+000  1.59500e+002
           808  8.08000e+002 -2.53335e+000  1.59667e+002
           809  8.09000e+002 -2.53356e+000  1.59833e+002
           810  8.10000e+002 -2.53367e+000  1.60000e+002
           811  8.11000e+002 -2.53387e+000  1.60167e+002
           812  8.12000e+002 -2.53355e+000  1.60333e+002
           813  8.13000e+002 -2.53291e+000  1.60500e+002
           814  8.14000e+002 -2.53085e+000  1.60667e+002
           815  8.15000e+002 -2.52757e+000  1.60833e+002
           816  8.16000e+002 -2.52383e+000  1.61000e+002
           817  8.17000e+002 -2.52040e+000  1.61167e+002
           818  8.18000e+002 -2.51745e+000  1.61333e+002
           819  8.19000e+002 -2.51548e+000  1.61500e+002
           820  8.20000e+002 -2.51657e+000  1.61667e+002
           821  8.21000e+002 -2.51736e+000  1.61833e+002
           822  8.22000e+002 -2.51816e+000  1.62000e+002
           823  8.23000e+002 -2.51883e+000  1.62167e+002
           824  8.24000e+002 -2.51996e+000  1.62333e+002
           825  8.25000e+002 -2.52093e+000  1.62500e+002
           826  8.26000e+002 -2.52190e+000  1.62667e+002
           827  8.27000e+002 -2.52291e+000  1.62833e+002
           828  8.28000e+002 -2.52397e+000  1.63000e+002
           829  8.29000e+002 -2.52496e+000  1.63167e+002
           830  8.30000e+002 -2.52590e+000  1.63333e+002
           831  8.31000e+002 -2.52676e+000  1.63500e+002
           832  8.32000e+002 -2.52758e+000  1.63667e+002
           833  8.33000e+002 -2.52839e+000  1.63833e+002
           834  8.34000e+002 -2.52915e+000  1.64000e+002
           835  8.35000e+002 -2.52992e+000  1.64167e+002
           836  8.36000e+002 -2.53062e+000  1.64333e+002
           837  8.37000e+002 -2.53135e+000  1.64500e+002
           838  8.38000e+002 -2.53207e+000  1.64667e+002
           839  8.39000e+002 -2.53279e+000  1.64833e+002
           840  8.40000e+002 -2.53348e+000  1.65000e+002
           841  8.41000e+002 -2.53411e+000  1.65167e+002
           842  8.42000e+002 -2.53469e+000  1.65333e+002
           843  8.43000e+002 -2.53524e+000  1.65500e+002
           844  8.44000e+002 -2.53563e+000  1.65667e+002
           845  8.45000e+002 -2.53606e+000  1.65833e+002
           846  8.46000e+002 -2.53651e+000  1.66000e+002
           847  8.47000e+002 -2.53694e+000  1.66167e+002
           848  8.48000e+002 -2.53720e+000  1.66333e+002
           849  8.49000e+002 -2.53748e+000  1.66500e+002
           850  8.50000e+002 -2.53777e+000  1.66667e+002
           851  8.51000e+002 -2.53805e+000  1.66833e+002
           852  8.52000e+002 -2.53833e+000  1.67000e+002
           853  8.53000e+002 -2.53864e+000  1.67167e+002
           854  8.54000e+002 -2.53892e+000  1.67333e+002
           855  8.55000e+002 -2.53914e+000  1.67500e+002
           856  8.56000e+002 -2.53934e+000  1.67667e+002
           857  8.57000e+002 -2.53951e+000  1.67833e+002
           858  8.58000e+002 -2.53960e+000  1.68000e+002
           859  8.59000e+002 -2.53967e+000  1.68167e+002
           860  8.60000e+002 -2.53961e+000  1.68333e+002
           861  8.61000e+002 -2.53968e+000  1.68500e+002
           862  8.62000e+002 -2.53978e+000  1.68667e+002
           863  8.63000e+002 -2.53983e+000  1.68833e+002
           864  8.64000e+002 -2.53984e+000  1.69000e+002
           865  8.65000e+002 -2.53984e+000  1.69167e+002
           866  8.66000e+002 -2.53986e+000  1.69333e+002
           867  8.67000e+002 -2.53990e+000  1.69500e+002
           868  8.68000e+002 -2.53990e+000  1.69667e+002
           869  8.69000e+002 -2.53998e+000  1.69833e+002
           870  8.70000e+002 -2.54012e+000  1.70000e+002
           871  8.71000e+002 -2.54029e+000  1.70167e+002
           872  8.72000e+002 -2.54058e+000  1.70333e+002
           873  8.73000e+002 -2.54074e+000  1.70500e+002
           874  8.74000e+002 -2.54090e+000  1.70667e+002
           875  8.75000e+002 -2.54105e+000  1.70833e+002
           876  8.76000e+002 -2.54105e+000  1.71000e+002
           877  8.77000e+002 -2.54111e+000  1.71167e+002
           878  8.78000e+002 -2.54117e+000  1.71333e+002
           879  8.79000e+002 -2.54120e+000  1.71500e+002
           880  8.80000e+002 -2.54122e+000  1.71667e+002
           881  8.81000e+002 -2.54121e+000  1.71833e+002
           882  8.82000e+002 -2.54117e+000  1.72000e+002
           883  8.83000e+002 -2.54112e+000  1.72167e+002
           884  8.84000e+002 -2.54106e+000  1.72333e+002
           885  8.85000e+002 -2.54097e+000  1.72500e+002
           886  8.86000e+002 -2.54081e+000  1.72667e+002
           887  8.87000e+002 -2.54067e+000  1.72833e+002
           888  8.88000e+002 -2.52937e+000  1.73000e+002
           889  8.89000e+002 -2.51702e+000  1.73167e+002
           890  8.90000e+002 -2.50940e+000  1.73333e+002
           891  8.91000e+002 -2.50294e+000  1.73500e+002
           892  8.92000e+002 -2.49880e+000  1.73667e+002
           893  8.93000e+002 -2.49835e+000  1.73833e+002
           894  8.94000e+002 -2.49964e+000  1.74000e+002
           895  8.95000e+002 -2.50149e+000  1.74167e+002
           896  8.96000e+002 -2.50354e+000  1.74333e+002
           897  8.97000e+002 -2.50510e+000  1.74500e+002
           898  8.98000e+002 -2.50666e+000  1.74667e+002
           899  8.99000e+002 -2.50822e+000  1.74833e+002
           900  9.00000e+002 -2.50947e+000  1.75000e+002
           901  9.01000e+002 -2.51081e+000  1.75167e+002
           902  9.02000e+002 -2.51211e+000  1.75333e+002
           903  9.03000e+002 -2.51335e+000  1.75500e+002
           904  9.04000e+002 -2.51442e+000  1.75667e+002
           905  9.05000e+002 -2.51551e+000  1.75833e+002
           906  9.06000e+002 -2.51653e+000  1.76000e+002
           907  9.07000e+002 -2.51749e+000  1.76167e+002
           908  9.08000e+002 -2.51820e+000  1.76333e+002
           909  9.09000e+002 -2.51889e+000  1.76500e+002
           910  9.10000e+002 -2.51948e+000  1.76667e+002
           911  9.11000e+002 -2.51998e+000  1.76833e+002
           912  9.12000e+002 -2.52022e+000  1.77000e+002
           913  9.13000e+002 -2.52060e+000  1.77167e+002
           914  9.14000e+002 -2.52097e+000  1.77333e+002
           915  9.15000e+002 -2.52131e+000  1.77500e+002
           916  9.16000e+002 -2.52165e+000  1.77667e+002
           917  9.17000e+002 -2.52208e+000  1.77833e+002
           918  9.18000e+002 -2.52257e+000  1.78000e+002
           919  9.19000e+002 -2.52308e+000  1.78167e+002
           920  9.20000e+002 -2.52371e+000  1.78333e+002
           921  9.21000e+002 -2.52429e+000  1.78500e+002
           922  9.22000e+002 -2.52485e+000  1.78667e+002
           923  9.23000e+002 -2.52538e+000  1.78833e+002
           924  9.24000e+002 -2.52592e+000  1.79000e+002
           925  9.25000e+002 -2.52644e+000  1.79167e+002
           926  9.26000e+002 -2.52692e+000  1.79333e+002
           927  9.27000e+002 -2.52737e+000  1.79500e+002
           928  9.28000e+002 -2.52775e+000  1.79667e+002
           929  9.29000e+002 -2.52815e+000  1.79833e+002
           930  9.30000e+002 -2.52850e+000  1.80000e+002
           931  9.31000e+002 -2.52881e+000  1.80167e+002
           932  9.32000e+002 -2.52914e+000  1.80333e+002
           933  9.33000e+002 -2.52949e+000  1.80500e+002
           934  9.34000e+002 -2.52986e+000  1.80667e+002
           935  9.35000e+002 -2.53027e+000  1.80833e+002
           936  9.36000e+002 -2.53075e+000  1.81000e+002
           937  9.37000e+002 -2.53121e+000  1.81167e+002
           938  9.38000e+002 -2.53169e+000  1.81333e+002
           939  9.39000e+002 -2.53218e+000  1.81500e+002
           940  9.40000e+002 -2.53277e+000  1.81667e+002
           941  9.41000e+002 -2.53335e+000  1.81833e+002
           942  9.42000e+002 -2.53396e+000  1.82000e+002
           943  9.43000e+002 -2.53460e+000  1.82167e+002
           944  9.44000e+002 -2.53523e+000  1.82333e+002
           945  9.45000e+002 -2.53575e+000  1.82500e+002
           946  9.46000e+002 -2.53624e+000  1.82667e+002
           947  9.47000e+002 -2.53669e+000  1.82833e+002
           948  9.48000e+002 -2.53691e+000  1.83000e+002
           949  9.49000e+002 -2.53707e+000  1.83167e+002
           950  9.50000e+002 -2.53708e+000  1.83333e+002
           951  9.51000e+002 -2.53702e+000  1.83500e+002
           952  9.52000e+002 -2.53677e+000  1.83667e+002
           953  9.53000e+002 -2.53669e+000  1.83833e+002
           954  9.54000e+002 -2.53671e+000  1.84000e+002
           955  9.55000e+002 -2.53679e+000  1.84167e+002
           956  9.56000e+002 -2.53710e+000  1.84333e+002
           957  9.57000e+002 -2.53743e+000  1.84500e+002
           958  9.58000e+002 -2.53781e+000  1.84667e+002
           959  9.59000e+002 -2.53824e+000  1.84833e+002
           960  9.60000e+002 -2.53907e+000  1.85000e+002
           961  9.61000e+002 -2.53982e+000  1.85167e+002
           962  9.62000e+002 -2.54050e+000  1.85333e+002
           963  9.63000e+002 -2.54109e+000  1.85500e+002
           964  9.64000e+002 -2.54164e+000  1.85667e+002
           965  9.65000e+002 -2.54211e+000  1.85833e+002
           966  9.66000e+002 -2.54253e+000  1.86000e+002
           967  9.67000e+002 -2.54291e+000  1.86167e+002
           968  9.68000e+002 -2.54300e+000  1.86333e+002
           969  9.69000e+002 -2.54319e+000  1.86500e+002
           970  9.70000e+002 -2.54326e+000  1.86667e+002
           971  9.71000e+002 -2.54338e+000  1.86833e+002
           972  9.72000e+002 -2.54348e+000  1.87000e+002
           973  9.73000e+002 -2.54309e+000  1.87167e+002
           974  9.74000e+002 -2.54160e+000  1.87333e+002
           975  9.75000e+002 -2.53988e+000  1.87500e+002
           976  9.76000e+002 -2.54012e+000  1.87667e+002
           977  9.77000e+002 -2.54041e+000  1.87833e+002
           978  9.78000e+002 -2.54085e+000  1.88000e+002
           979  9.79000e+002 -2.54161e+000  1.88167e+002
           980  9.80000e+002 -2.54257e+000  1.88333e+002
           981  9.81000e+002 -2.54334e+000  1.88500e+002
           982  9.82000e+002 -2.54414e+000  1.88667e+002
           983  9.83000e+002 -2.54497e+000  1.88833e+002
           984  9.84000e+002 -2.54587e+000  1.89000e+002
           985  9.85000e+002 -2.54676e+000  1.89167e+002
           986  9.86000e+002 -2.54763e+000  1.89333e+002
           987  9.87000e+002 -2.54851e+000  1.89500e+002
           988  9.88000e+002 -2.54941e+000  1.89667e+002
           989  9.89000e+002 -2.55027e+000  1.89833e+002
           990  9.90000e+002 -2.55114e+000  1.90000e+002
           991  9.91000e+002 -2.55202e+000  1.90167e+002
           992  9.92000e+002 -2.55275e+000  1.90333e+002
           993  9.93000e+002 -2.55354e+000  1.90500e+002
           994  9.94000e+002 -2.55434e+000  1.90667e+002
           995  9.95000e+002 -2.55512e+000  1.90833e+002
           996  9.96000e+002 -2.55590e+000  1.91000e+002
           997  9.97000e+002 -2.55672e+000  1.91167e+002
           998  9.98000e+002 -2.55751e+000  1.91333e+002
           999  9.99000e+002 -2.55828e+000  1.91500e+002
          1000  1.00000e+003 -2.55913e+000  1.91667e+002
          1001  1.00100e+003 -2.55996e+000  1.91833e+002
          1002  1.00200e+003 -2.56077e+000  1.92000e+002
          1003  1.00300e+003 -2.56157e+000  1.92167e+002
          1004  1.00400e+003 -2.56221e+000  1.92333e+002
          1005  1.00500e+003 -2.56277e+000  1.92500e+002
          1006  1.00600e+003 -2.56325e+000  1.92667e+002
          1007  1.00700e+003 -2.56370e+000  1.92833e+002
          1008  1.00800e+003 -2.56389e+000  1.93000e+002
          1009  1.00900e+003 -2.56424e+000  1.93167e+002
          1010  1.01000e+003 -2.56466e+000  1.93333e+002
          1011  1.01100e+003 -2.56510e+000  1.93500e+002
          1012  1.01200e+003 -2.56570e+000  1.93667e+002
          1013  1.01300e+003 -2.56630e+000  1.93833e+002
          1014  1.01400e+003 -2.56696e+000  1.94000e+002
          1015  1.01500e+003 -2.56766e+000  1.94167e+002
          1016  1.01600e+003 -2.56860e+000  1.94333e+002
          1017  1.01700e+003 -2.56941e+000  1.94500e+002
          1018  1.01800e+003 -2.57018e+000  1.94667e+002
          1019  1.01900e+003 -2.57091e+000  1.94833e+002
          1020  1.02000e+003 -2.57159e+000  1.95000e+002
          1021  1.02100e+003 -2.57227e+000  1.95167e+002
          1022  1.02200e+003 -2.57291e+000  1.95333e+002
          1023  1.02300e+003 -2.57353e+000  1.95500e+002
          1024  1.02400e+003 -2.57397e+000  1.95667e+002
          1025  1.02500e+003 -2.57454e+000  1.95833e+002
          1026  1.02600e+003 -2.57519e+000  1.96000e+002
          1027  1.02700e+003 -2.57589e+000  1.96167e+002
          1028  1.02800e+003 -2.57661e+000  1.96333e+002
          1029  1.02900e+003 -2.57738e+000  1.96500e+002
          1030  1.03000e+003 -2.57824e+000  1.96667e+002
          1031  1.03100e+003 -2.57912e+000  1.96833e+002
          1032  1.03200e+003 -2.58012e+000  1.97000e+002
          1033  1.03300e+003 -2.58106e+000  1.97167e+002
          1034  1.03400e+003 -2.58201e+000  1.97333e+002
          1035  1.03500e+003 -2.58298e+000  1.97500e+002
          1036  1.03600e+003 -2.58396e+000  1.97667e+002
          1037  1.03700e+003 -2.58491e+000  1.97833e+002
          1038  1.03800e+003 -2.58580e+000  1.98000e+002
          1039  1.03900e+003 -2.58664e+000  1.98167e+002
          1040  1.04000e+003 -2.58746e+000  1.98333e+002
          1041  1.04100e+003 -2.58834e+000  1.98500e+002
          1042  1.04200e+003 -2.58924e+000  1.98667e+002
          1043  1.04300e+003 -2.59011e+000  1.98833e+002
          1044  1.04400e+003 -2.59095e+000  1.99000e+002
          1045  1.04500e+003 -2.59175e+000  1.99167e+002
          1046  1.04600e+003 -2.59256e+000  1.99333e+002
          1047  1.04700e+003 -2.59336e+000  1.99500e+002
          1048  1.04800e+003 -2.59409e+000  1.99667e+002
          1049  1.04900e+003 -2.59487e+000  1.99833e+002
          1050  1.05000e+003 -2.59568e+000  2.00000e+002
          1051  1.05100e+003 -2.59651e+000  2.00167e+002
          1052  1.05200e+003 -2.59739e+000  2.00333e+002
          1053  1.05300e+003 -2.59824e+000  2.00500e+002
          1054  1.05400e+003 -2.59908e+000  2.00667e+002
          1055  1.05500e+003 -2.59995e+000  2.00833e+002
          1056  1.05600e+003 -2.60087e+000  2.01000e+002
          1057  1.05700e+003 -2.60178e+000  2.01167e+002
          1058  1.05800e+003 -2.60270e+000  2.01333e+002
          1059  1.05900e+003 -2.60362e+000  2.01500e+002
          1060  1.06000e+003 -2.60459e+000  2.01667e+002
          1061  1.06100e+003 -2.60560e+000  2.01833e+002
          1062  1.06200e+003 -2.61466e+000  2.02000e+002
          1063  1.06300e+003 -2.63967e+000  2.02167e+002
          1064  1.06400e+003 -2.65884e+000  2.02333e+002
          1065  1.06500e+003 -2.66019e+000  2.02500e+002
          1066  1.06600e+003 -2.65707e+000  2.02667e+002
          1067  1.06700e+003 -2.65286e+000  2.02833e+002
          1068  1.06800e+003 -2.65038e+000  2.03000e+002
          1069  1.06900e+003 -2.64883e+000  2.03167e+002
          1070  1.07000e+003 -2.64778e+000  2.03333e+002
          1071  1.07100e+003 -2.64732e+000  2.03500e+002
          1072  1.07200e+003 -2.64759e+000  2.03667e+002
          1073  1.07300e+003 -2.64761e+000  2.03833e+002
          1074  1.07400e+003 -2.64777e+000  2.04000e+002
          1075  1.07500e+003 -2.64806e+000  2.04167e+002
          1076  1.07600e+003 -2.64861e+000  2.04333e+002
          1077  1.07700e+003 -2.64927e+000  2.04500e+002
          1078  1.07800e+003 -2.65050e+000  2.04667e+002
          1079  1.07900e+003 -2.65196e+000  2.04833e+002
          1080  1.08000e+003 -2.65318e+000  2.05000e+002
          1081  1.08100e+003 -2.65420e+000  2.05167e+002
          1082  1.08200e+003 -2.65523e+000  2.05333e+002
          1083  1.08300e+003 -2.65631e+000  2.05500e+002
          1084  1.08400e+003 -2.65698e+000  2.05667e+002
          1085  1.08500e+003 -2.65781e+000  2.05833e+002
          1086  1.08600e+003 -2.65868e+000  2.06000e+002
          1087  1.08700e+003 -2.65952e+000  2.06167e+002
          1088  1.08800e+003 -2.66036e+000  2.06333e+002
          1089  1.08900e+003 -2.66119e+000  2.06500e+002
          1090  1.09000e+003 -2.66206e+000  2.06667e+002
          1091  1.09100e+003 -2.66294e+000  2.06833e+002
          1092  1.09200e+003 -2.66391e+000  2.07000e+002
          1093  1.09300e+003 -2.66493e+000  2.07167e+002
          1094  1.09400e+003 -2.66601e+000  2.07333e+002
          1095  1.09500e+003 -2.66714e+000  2.07500e+002
          1096  1.09600e+003 -2.66850e+000  2.07667e+002
          1097  1.09700e+003 -2.66977e+000  2.07833e+002
          1098  1.09800e+003 -2.67106e+000  2.08000e+002
          1099  1.09900e+003 -2.67238e+000  2.08167e+002
          1100  1.10000e+003 -2.67372e+000  2.08333e+002
          1101  1.10100e+003 -2.67503e+000  2.08500e+002
          1102  1.10200e+003 -2.67636e+000  2.08667e+002
          1103  1.10300e+003 -2.67774e+000  2.08833e+002
          1104  1.10400e+003 -2.67929e+000  2.09000e+002
          1105  1.10500e+003 -2.68086e+000  2.09167e+002
          1106  1.10600e+003 -2.68242e+000  2.09333e+002
          1107  1.10700e+003 -2.68399e+000  2.09500e+002
          1108  1.10800e+003 -2.68567e+000  2.09667e+002
          1109  1.10900e+003 -2.68716e+000  2.09833e+002
          1110  1.11000e+003 -2.68857e+000  2.10000e+002
          1111  1.11100e+003 -2.68994e+000  2.10167e+002
          1112  1.11200e+003 -2.69100e+000  2.10333e+002
          1113  1.11300e+003 -2.69222e+000  2.10500e+002
          1114  1.11400e+003 -2.69347e+000  2.10667e+002
          1115  1.11500e+003 -2.69472e+000  2.10833e+002
          1116  1.11600e+003 -2.69604e+000  2.11000e+002
          1117  1.11700e+003 -2.69741e+000  2.11167e+002
          1118  1.11800e+003 -2.69879e+000  2.11333e+002
          1119  1.11900e+003 -2.70020e+000  2.11500e+002
          1120  1.12000e+003 -2.70178e+000  2.11667e+002
          1121  1.12100e+003 -2.70326e+000  2.11833e+002
          1122  1.12200e+003 -2.70471e+000  2.12000e+002
          1123  1.12300e+003 -2.70615e+000  2.12167e+002
          1124  1.12400e+003 -2.70760e+000  2.12333e+002
          1125  1.12500e+003 -2.70905e+000  2.12500e+002
          1126  1.12600e+003 -2.71046e+000  2.12667e+002
          1127  1.12700e+003 -2.71184e+000  2.12833e+002
          1128  1.12800e+003 -2.71320e+000  2.13000e+002
          1129  1.12900e+003 -2.71457e+000  2.13167e+002
          1130  1.13000e+003 -2.71597e+000  2.13333e+002
          1131  1.13100e+003 -2.71738e+000  2.13500e+002
          1132  1.13200e+003 -2.71883e+000  2.13667e+002
          1133  1.13300e+003 -2.72035e+000  2.13833e+002
          1134  1.13400e+003 -2.72192e+000  2.14000e+002
          1135  1.13500e+003 -2.72350e+000  2.14167e+002
          1136  1.13600e+003 -2.72526e+000  2.14333e+002
          1137  1.13700e+003 -2.72695e+000  2.14500e+002
          1138  1.13800e+003 -2.72868e+000  2.14667e+002
          1139  1.13900e+003 -2.73048e+000  2.14833e+002
          1140  1.14000e+003 -2.73251e+000  2.15000e+002
          1141  1.14100e+003 -2.73450e+000  2.15167e+002
          1142  1.14200e+003 -2.73649e+000  2.15333e+002
          1143  1.14300e+003 -2.73855e+000  2.15500e+002
          1144  1.14400e+003 -2.74077e+000  2.15667e+002
          1145  1.14500e+003 -2.74282e+000  2.15833e+002
          1146  1.14600e+003 -2.74475e+000  2.16000e+002
          1147  1.14700e+003 -2.74661e+000  2.16167e+002
          1148  1.14800e+003 -2.74823e+000  2.16333e+002
          1149  1.14900e+003 -2.74995e+000  2.16500e+002
          1150  1.15000e+003 -2.75163e+000  2.16667e+002
          1151  1.15100e+003 -2.75324e+000  2.16833e+002
          1152  1.15200e+003 -2.75474e+000  2.17000e+002
          1153  1.15300e+003 -2.75632e+000  2.17167e+002
          1154  1.15400e+003 -2.75793e+000  2.17333e+002
          1155  1.15500e+003 -2.75959e+000  2.17500e+002
          1156  1.15600e+003 -2.76132e+000  2.17667e+002
          1157  1.15700e+003 -2.76305e+000  2.17833e+002
          1158  1.15800e+003 -2.76481e+000  2.18000e+002
          1159  1.15900e+003 -2.76662e+000  2.18167e+002
          1160  1.16000e+003 -2.76853e+000  2.18333e+002
          1161  1.16100e+003 -2.77040e+000  2.18500e+002
          1162  1.16200e+003 -2.77233e+000  2.18667e+002
          1163  1.16300e+003 -2.77431e+000  2.18833e+002
          1164  1.16400e+003 -2.77636e+000  2.19000e+002
          1165  1.16500e+003 -2.77841e+000  2.19167e+002
          1166  1.16600e+003 -2.78051e+000  2.19333e+002
          1167  1.16700e+003 -2.78265e+000  2.19500e+002
          1168  1.16800e+003 -2.78485e+000  2.19667e+002
          1169  1.16900e+003 -2.78702e+000  2.19833e+002
          1170  1.17000e+003 -2.78920e+000  2.20000e+002
          1171  1.17100e+003 -2.79139e+000  2.20167e+002
          1172  1.17200e+003 -2.79352e+000  2.20333e+002
          1173  1.17300e+003 -2.79565e+000  2.20500e+002
          1174  1.17400e+003 -2.79783e+000  2.20667e+002
          1175  1.17500e+003 -2.80004e+000  2.20833e+002
          1176  1.17600e+003 -2.80215e+000  2.21000e+002
          1177  1.17700e+003 -2.80424e+000  2.21167e+002
          1178  1.17800e+003 -2.80630e+000  2.21333e+002
          1179  1.17900e+003 -2.80834e+000  2.21500e+002
          1180  1.18000e+003 -2.81024e+000  2.21667e+002
          1181  1.18100e+003 -2.81215e+000  2.21833e+002
          1182  1.18200e+003 -2.81409e+000  2.22000e+002
          1183  1.18300e+003 -2.81604e+000  2.22167e+002
          1184  1.18400e+003 -2.81803e+000  2.22333e+002
          1185  1.18500e+003 -2.82014e+000  2.22500e+002
          1186  1.18600e+003 -2.82234e+000  2.22667e+002
          1187  1.18700e+003 -2.82463e+000  2.22833e+002
          1188  1.18800e+003 -2.82725e+000  2.23000e+002
          1189  1.18900e+003 -2.82969e+000  2.23167e+002
          1190  1.19000e+003 -2.83205e+000  2.23333e+002
          1191  1.19100e+003 -2.83439e+000  2.23500e+002
          1192  1.19200e+003 -2.83669e+000  2.23667e+002
          1193  1.19300e+003 -2.83890e+000  2.23833e+002
          1194  1.19400e+003 -2.84112e+000  2.24000e+002
          1195  1.19500e+003 -2.84332e+000  2.24167e+002
          1196  1.19600e+003 -2.84550e+000  2.24333e+002
          1197  1.19700e+003 -2.84789e+000  2.24500e+002
          1198  1.19800e+003 -2.85021e+000  2.24667e+002
          1199  1.19900e+003 -2.85256e+000  2.24833e+002
          1200  1.20000e+003 -2.85613e+000  2.25000e+002
          1201  1.20100e+003 -2.86067e+000  2.25167e+002
          1202  1.20200e+003 -2.86519e+000  2.25333e+002
          1203  1.20300e+003 -2.86951e+000  2.25500e+002
          1204  1.20400e+003 -2.87344e+000  2.25667e+002
          1205  1.20500e+003 -2.87733e+000  2.25833e+002
          1206  1.20600e+003 -2.88106e+000  2.26000e+002
          1207  1.20700e+003 -2.88468e+000  2.26167e+002
          1208  1.20800e+003 -2.88769e+000  2.26333e+002
          1209  1.20900e+003 -2.89098e+000  2.26500e+002
          1210  1.21000e+003 -2.89433e+000  2.26667e+002
          1211  1.21100e+003 -2.89769e+000  2.26833e+002
          1212  1.21200e+003 -2.90101e+000  2.27000e+002
          1213  1.21300e+003 -2.90444e+000  2.27167e+002
          1214  1.21400e+003 -2.90794e+000  2.27333e+002
          1215  1.21500e+003 -2.91144e+000  2.27500e+002
          1216  1.21600e+003 -2.91510e+000  2.27667e+002
          1217  1.21700e+003 -2.91869e+000  2.27833e+002
          1218  1.21800e+003 -2.92230e+000  2.28000e+002
          1219  1.21900e+003 -2.92593e+000  2.28167e+002
          1220  1.22000e+003 -2.92964e+000  2.28333e+002
          1221  1.22100e+003 -2.93344e+000  2.28500e+002
          1222  1.22200e+003 -2.93733e+000  2.28667e+002
          1223  1.22300e+003 -2.94128e+000  2.28833e+002
          1224  1.22400e+003 -2.94550e+000  2.29000e+002
          1225  1.22500e+003 -2.94966e+000  2.29167e+002
          1226  1.22600e+003 -2.95386e+000  2.29333e+002
          1227  1.22700e+003 -2.95809e+000  2.29500e+002
          1228  1.22800e+003 -2.96261e+000  2.29667e+002
          1229  1.22900e+003 -2.96708e+000  2.29833e+002
          1230  1.23000e+003 -2.97159e+000  2.30000e+002
          1231  1.23100e+003 -2.97616e+000  2.30167e+002
          1232  1.23200e+003 -2.98110e+000  2.30333e+002
          1233  1.23300e+003 -2.98605e+000  2.30500e+002
          1234  1.23400e+003 -2.99110e+000  2.30667e+002
          1235  1.23500e+003 -2.99625e+000  2.30833e+002
          1236  1.23600e+003 -3.00183e+000  2.31000e+002
          1237  1.23700e+003 -3.00726e+000  2.31167e+002
          1238  1.23800e+003 -3.01271e+000  2.31333e+002
          1239  1.23900e+003 -3.01823e+000  2.31500e+002
          1240  1.24000e+003 -3.02410e+000  2.31667e+002
          1241  1.24100e+003 -3.02995e+000  2.31833e+002
          1242  1.24200e+003 -3.03588e+000  2.32000e+002
          1243  1.24300e+003 -3.04187e+000  2.32167e+002
          1244  1.24400e+003 -3.04828e+000  2.32333e+002
          1245  1.24500e+003 -3.05454e+000  2.32500e+002
          1246  1.24600e+003 -3.06079e+000  2.32667e+002
          1247  1.24700e+003 -3.06708e+000  2.32833e+002
          1248  1.24800e+003 -3.07363e+000  2.33000e+002
          1249  1.24900e+003 -3.08019e+000  2.33167e+002
          1250  1.25000e+003 -3.08683e+000  2.33333e+002
          1251  1.25100e+003 -3.09357e+000  2.33500e+002
          1252  1.25200e+003 -3.10064e+000  2.33667e+002
          1253  1.25300e+003 -3.10775e+000  2.33833e+002
          1254  1.25400e+003 -3.11501e+000  2.34000e+002
          1255  1.25500e+003 -3.12240e+000  2.34167e+002
          1256  1.25600e+003 -3.13042e+000  2.34333e+002
          1257  1.25700e+003 -3.13838e+000  2.34500e+002
          1258  1.25800e+003 -3.14650e+000  2.34667e+002
          1259  1.25900e+003 -3.15473e+000  2.34833e+002
          1260  1.26000e+003 -3.16361e+000  2.35000e+002
          1261  1.26100e+003 -3.17234e+000  2.35167e+002
          1262  1.26200e+003 -3.18113e+000  2.35333e+002
          1263  1.26300e+003 -3.19000e+000  2.35500e+002
          1264  1.26400e+003 -3.19934e+000  2.35667e+002
          1265  1.26500e+003 -3.20862e+000  2.35833e+002
          1266  1.26600e+003 -3.21796e+000  2.36000e+002
          1267  1.26700e+003 -3.22742e+000  2.36167e+002
          1268  1.26800e+003 -3.23738e+000  2.36333e+002
          1269  1.26900e+003 -3.24730e+000  2.36500e+002
          1270  1.27000e+003 -3.25733e+000  2.36667e+002
          1271  1.27100e+003 -3.26746e+000  2.36833e+002
          1272  1.27200e+003 -3.27822e+000  2.37000e+002
          1273  1.27300e+003 -3.28885e+000  2.37167e+002
          1274  1.27400e+003 -3.29956e+000  2.37333e+002
          1275  1.27500e+003 -3.31067e+000  2.37500e+002
          1276  1.27600e+003 -3.32223e+000  2.37667e+002
          1277  1.27700e+003 -3.33405e+000  2.37833e+002
          1278  1.27800e+003 -3.34751e+000  2.38000e+002
          1279  1.27900e+003 -3.36287e+000  2.38167e+002
          1280  1.28000e+003 -3.37916e+000  2.38333e+002
          1281  1.28100e+003 -3.39656e+000  2.38500e+002
          1282  1.28200e+003 -3.41449e+000  2.38667e+002
          1283  1.28300e+003 -3.43221e+000  2.38833e+002
          1284  1.28400e+003 -3.44735e+000  2.39000e+002
          1285  1.28500e+003 -3.46145e+000  2.39167e+002
          1286  1.28600e+003 -3.47430e+000  2.39333e+002
          1287  1.28700e+003 -3.48673e+000  2.39500e+002
          1288  1.28800e+003 -3.49859e+000  2.39667e+002
          1289  1.28900e+003 -3.51033e+000  2.39833e+002
          1290  1.29000e+003 -3.52207e+000  2.40000e+002
          1291  1.29100e+003 -3.53376e+000  2.40167e+002
          1292  1.29200e+003 -3.54503e+000  2.40333e+002
          1293  1.29300e+003 -3.55648e+000  2.40500e+002
          1294  1.29400e+003 -3.56787e+000  2.40667e+002
          1295  1.29500e+003 -3.57917e+000  2.40833e+002
          1296  1.29600e+003 -3.59030e+000  2.41000e+002
          1297  1.29700e+003 -3.60133e+000  2.41167e+002
          1298  1.29800e+003 -3.61221e+000  2.41333e+002
          1299  1.29900e+003 -3.62301e+000  2.41500e+002
          1300  1.30000e+003 -3.63341e+000  2.41667e+002
          1301  1.30100e+003 -3.64398e+000  2.41833e+002
          1302  1.30200e+003 -3.65452e+000  2.42000e+002
          1303  1.30300e+003 -3.66501e+000  2.42167e+002
          1304  1.30400e+003 -3.67520e+000  2.42333e+002
          1305  1.30500e+003 -3.68556e+000  2.42500e+002
          1306  1.30600e+003 -3.69611e+000  2.42667e+002
          1307  1.30700e+003 -3.70678e+000  2.42833e+002
          1308  1.30800e+003 -3.71682e+000  2.43000e+002
          1309  1.30900e+003 -3.72747e+000  2.43167e+002
          1310  1.31000e+003 -3.73938e+000  2.43333e+002
          1311  1.31100e+003 -3.75181e+000  2.43500e+002
          1312  1.31200e+003 -3.76385e+000  2.43667e+002
          1313  1.31300e+003 -3.77580e+000  2.43833e+002
          1314  1.31400e+003 -3.78769e+000  2.44000e+002
          1315  1.31500e+003 -3.79951e+000  2.44167e+002
          1316  1.31600e+003 -3.81105e+000  2.44333e+002
          1317  1.31700e+003 -3.82273e+000  2.44500e+002
          1318  1.31800e+003 -3.83408e+000  2.44667e+002
          1319  1.31900e+003 -3.84482e+000  2.44833e+002
          1320  1.32000e+003 -3.85420e+000  2.45000e+002
          1321  1.32100e+003 -3.86326e+000  2.45167e+002
          1322  1.32200e+003 -3.87212e+000  2.45333e+002
          1323  1.32300e+003 -3.88059e+000  2.45500e+002
          1324  1.32400e+003 -3.88867e+000  2.45667e+002
          1325  1.32500e+003 -3.89701e+000  2.45833e+002
          1326  1.32600e+003 -3.90550e+000  2.46000e+002
          1327  1.32700e+003 -3.91389e+000  2.46167e+002
          1328  1.32800e+003 -3.92166e+000  2.46333e+002
          1329  1.32900e+003 -3.93098e+000  2.46500e+002
          1330  1.33000e+003 -3.94215e+000  2.46667e+002
          1331  1.33100e+003 -3.95421e+000  2.46833e+002
          1332  1.33200e+003 -3.96520e+000  2.47000e+002
          1333  1.33300e+003 -3.97500e+000  2.47167e+002
          1334  1.33400e+003 -3.98508e+000  2.47333e+002
          1335  1.33500e+003 -3.99750e+000  2.47500e+002
          1336  1.33600e+003 -4.00906e+000  2.47667e+002
          1337  1.33700e+003 -4.01435e+000  2.47833e+002
          1338  1.33800e+003 -4.01300e+000  2.48000e+002
          1339  1.33900e+003 -4.00732e+000  2.48167e+002
          1340  1.34000e+003 -3.99156e+000  2.48333e+002
          1341  1.34100e+003 -3.97126e+000  2.48500e+002
          1342  1.34200e+003 -3.94805e+000  2.48667e+002
          1343  1.34300e+003 -3.92315e+000  2.48833e+002
          1344  1.34400e+003 -3.88974e+000  2.49000e+002
          1345  1.34500e+003 -3.85435e+000  2.49167e+002
          1346  1.34600e+003 -3.81614e+000  2.49333e+002
          1347  1.34700e+003 -3.77614e+000  2.49500e+002
          1348  1.34800e+003 -3.72798e+000  2.49667e+002
          1349  1.34900e+003 -3.67541e+000  2.49833e+002
          1350  1.35000e+003 -3.61711e+000  2.50000e+002
          1351  1.35100e+003 -3.55480e+000  2.50167e+002
          1352  1.35200e+003 -3.48202e+000  2.50333e+002
          1353  1.35300e+003 -3.40454e+000  2.50500e+002
          1354  1.35400e+003 -3.32194e+000  2.50667e+002
          1355  1.35500e+003 -3.23579e+000  2.50833e+002
          1356  1.35600e+003 -3.14630e+000  2.51000e+002
          1357  1.35700e+003 -3.05750e+000  2.51167e+002
          1358  1.35800e+003 -2.97031e+000  2.51333e+002
          1359  1.35900e+003 -2.88450e+000  2.51500e+002
          1360  1.36000e+003 -2.80878e+000  2.51667e+002
          1361  1.36100e+003 -2.73901e+000  2.51833e+002
          1362  1.36200e+003 -2.67704e+000  2.52000e+002
          1363  1.36300e+003 -2.62056e+000  2.52167e+002
          1364  1.36400e+003 -2.57730e+000  2.52333e+002
          1365  1.36500e+003 -2.53990e+000  2.52500e+002
          1366  1.36600e+003 -2.50892e+000  2.52667e+002
          1367  1.36700e+003 -2.48193e+000  2.52833e+002
          1368  1.36800e+003 -2.46310e+000  2.53000e+002
          1369  1.36900e+003 -2.44819e+000  2.53167e+002
          1370  1.37000e+003 -2.43712e+000  2.53333e+002
          1371  1.37100e+003 -2.42764e+000  2.53500e+002
          1372  1.37200e+003 -2.42208e+000  2.53667e+002
          1373  1.37300e+003 -2.41777e+000  2.53833e+002
          1374  1.37400e+003 -2.41508e+000  2.54000e+002
          1375  1.37500e+003 -2.41351e+000  2.54167e+002
          1376  1.37600e+003 -2.41300e+000  2.54333e+002
          1377  1.37700e+003 -2.41273e+000  2.54500e+002
          1378  1.37800e+003 -2.41308e+000  2.54667e+002
          1379  1.37900e+003 -2.41403e+000  2.54833e+002
          1380  1.38000e+003 -2.41577e+000  2.55000e+002
          1381  1.38100e+003 -2.41722e+000  2.55167e+002
          1382  1.38200e+003 -2.41879e+000  2.55333e+002
          1383  1.38300e+003 -2.42045e+000  2.55500e+002
          1384  1.38400e+003 -2.42260e+000  2.55667e+002
          1385  1.38500e+003 -2.42457e+000  2.55833e+002
          1386  1.38600e+003 -2.42651e+000  2.56000e+002
          1387  1.38700e+003 -2.42846e+000  2.56167e+002
          1388  1.38800e+003 -2.43054e+000  2.56333e+002
          1389  1.38900e+003 -2.43256e+000  2.56500e+002
          1390  1.39000e+003 -2.43456e+000  2.56667e+002
          1391  1.39100e+003 -2.43657e+000  2.56833e+002
          1392  1.39200e+003 -2.43856e+000  2.57000e+002
          1393  1.39300e+003 -2.44058e+000  2.57167e+002
          1394  1.39400e+003 -2.44257e+000  2.57333e+002
          1395  1.39500e+003 -2.44452e+000  2.57500e+002
          1396  1.39600e+003 -2.44639e+000  2.57667e+002
          1397  1.39700e+003 -2.44827e+000  2.57833e+002
          1398  1.39800e+003 -2.45010e+000  2.58000e+002
          1399  1.39900e+003 -2.45188e+000  2.58167e+002
          1400  1.40000e+003 -2.45350e+000  2.58333e+002
          1401  1.40100e+003 -2.45510e+000  2.58500e+002
          1402  1.40200e+003 -2.45664e+000  2.58667e+002
          1403  1.40300e+003 -2.45813e+000  2.58833e+002
          1404  1.40400e+003 -2.45938e+000  2.59000e+002
          1405  1.40500e+003 -2.46064e+000  2.59167e+002
          1406  1.40600e+003 -2.46183e+000  2.59333e+002
          1407  1.40700e+003 -2.46295e+000  2.59500e+002
          1408  1.40800e+003 -2.46374e+000  2.59667e+002
          1409  1.40900e+003 -2.46462e+000  2.59833e+002
          1410  1.41000e+003 -2.46548e+000  2.60000e+002
          1411  1.41100e+003 -2.46629e+000  2.60167e+002
          1412  1.41200e+003 -2.46683e+000  2.60333e+002
          1413  1.41300e+003 -2.46745e+000  2.60500e+002
          1414  1.41400e+003 -2.46804e+000  2.60667e+002
          1415  1.41500e+003 -2.46857e+000  2.60833e+002
          1416  1.41600e+003 -2.46889e+000  2.61000e+002
          1417  1.41700e+003 -2.46921e+000  2.61167e+002
          1418  1.41800e+003 -2.46951e+000  2.61333e+002
          1419  1.41900e+003 -2.46981e+000  2.61500e+002
          1420  1.42000e+003 -2.46992e+000  2.61667e+002
          1421  1.42100e+003 -2.47011e+000  2.61833e+002
          1422  1.42200e+003 -2.47029e+000  2.62000e+002
          1423  1.42300e+003 -2.47046e+000  2.62167e+002
          1424  1.42400e+003 -2.47055e+000  2.62333e+002
          1425  1.42500e+003 -2.47059e+000  2.62500e+002
          1426  1.42600e+003 -2.47058e+000  2.62667e+002
          1427  1.42700e+003 -2.47052e+000  2.62833e+002
          1428  1.42800e+003 -2.47028e+000  2.63000e+002
          1429  1.42900e+003 -2.47009e+000  2.63167e+002
          1430  1.43000e+003 -2.46991e+000  2.63333e+002
          1431  1.43100e+003 -2.46974e+000  2.63500e+002
          1432  1.43200e+003 -2.46957e+000  2.63667e+002
          1433  1.43300e+003 -2.46941e+000  2.63833e+002
          1434  1.43400e+003 -2.46922e+000  2.64000e+002
          1435  1.43500e+003 -2.46903e+000  2.64167e+002
          1436  1.43600e+003 -2.46887e+000  2.64333e+002
          1437  1.43700e+003 -2.46866e+000  2.64500e+002
          1438  1.43800e+003 -2.46845e+000  2.64667e+002
          1439  1.43900e+003 -2.46824e+000  2.64833e+002
          1440  1.44000e+003 -2.46791e+000  2.65000e+002
          1441  1.44100e+003 -2.46763e+000  2.65167e+002
          1442  1.44200e+003 -2.46733e+000  2.65333e+002
          1443  1.44300e+003 -2.46700e+000  2.65500e+002
          1444  1.44400e+003 -2.46666e+000  2.65667e+002
          1445  1.44500e+003 -2.46636e+000  2.65833e+002
          1446  1.44600e+003 -2.46601e+000  2.66000e+002
          1447  1.44700e+003 -2.46563e+000  2.66167e+002
          1448  1.44800e+003 -2.46521e+000  2.66333e+002
          1449  1.44900e+003 -2.46479e+000  2.66500e+002
          1450  1.45000e+003 -2.46432e+000  2.66667e+002
          1451  1.45100e+003 -2.46384e+000  2.66833e+002
          1452  1.45200e+003 -2.46326e+000  2.67000e+002
          1453  1.45300e+003 -2.46276e+000  2.67167e+002
          1454  1.45400e+003 -2.46227e+000  2.67333e+002
          1455  1.45500e+003 -2.46174e+000  2.67500e+002
          1456  1.45600e+003 -2.46127e+000  2.67667e+002
          1457  1.45700e+003 -2.46080e+000  2.67833e+002
          1458  1.45800e+003 -2.46030e+000  2.68000e+002
          1459  1.45900e+003 -2.45975e+000  2.68167e+002
          1460  1.46000e+003 -2.45912e+000  2.68333e+002
          1461  1.46100e+003 -2.45849e+000  2.68500e+002
          1462  1.46200e+003 -2.45787e+000  2.68667e+002
          1463  1.46300e+003 -2.45726e+000  2.68833e+002
          1464  1.46400e+003 -2.45655e+000  2.69000e+002
          1465  1.46500e+003 -2.45594e+000  2.69167e+002
          1466  1.46600e+003 -2.45533e+000  2.69333e+002
          1467  1.46700e+003 -2.45473e+000  2.69500e+002
          1468  1.46800e+003 -2.45426e+000  2.69667e+002
          1469  1.46900e+003 -2.45373e+000  2.69833e+002
          1470  1.47000e+003 -2.45319e+000  2.70000e+002
          1471  1.47100e+003 -2.45263e+000  2.70167e+002
          1472  1.47200e+003 -2.45206e+000  2.70333e+002
          1473  1.47300e+003 -2.45147e+000  2.70500e+002
          1474  1.47400e+003 -2.45086e+000  2.70667e+002
          1475  1.47500e+003 -2.45026e+000  2.70833e+002
          1476  1.47600e+003 -2.44958e+000  2.71000e+002
          1477  1.47700e+003 -2.44893e+000  2.71167e+002
          1478  1.47800e+003 -2.44830e+000  2.71333e+002
          1479  1.47900e+003 -2.44767e+000  2.71500e+002
          1480  1.48000e+003 -2.44702e+000  2.71667e+002
          1481  1.48100e+003 -2.44637e+000  2.71833e+002
          1482  1.48200e+003 -2.44569e+000  2.72000e+002
          1483  1.48300e+003 -2.44500e+000  2.72167e+002
          1484  1.48400e+003 -2.44432e+000  2.72333e+002
          1485  1.48500e+003 -2.44368e+000  2.72500e+002
          1486  1.48600e+003 -2.44305e+000  2.72667e+002
          1487  1.48700e+003 -2.44239e+000  2.72833e+002
          1488  1.48800e+003 -2.44175e+000  2.73000e+002
          1489  1.48900e+003 -2.44114e+000  2.73167e+002
          1490  1.49000e+003 -2.44053e+000  2.73333e+002
          1491  1.49100e+003 -2.43990e+000  2.73500e+002
          1492  1.49200e+003 -2.43927e+000  2.73667e+002
          1493  1.49300e+003 -2.43862e+000  2.73833e+002
          1494  1.49400e+003 -2.43793e+000  2.74000e+002
          1495  1.49500e+003 -2.43721e+000  2.74167e+002
          1496  1.49600e+003 -2.43646e+000  2.74333e+002
          1497  1.49700e+003 -2.43575e+000  2.74500e+002
          1498  1.49800e+003 -2.43507e+000  2.74667e+002
          1499  1.49900e+003 -2.43439e+000  2.74833e+002
          1500  1.50000e+003 -2.43367e+000  2.75000e+002
          1501  1.50100e+003 -2.43295e+000  2.75167e+002
          1502  1.50200e+003 -2.43224e+000  2.75333e+002
          1503  1.50300e+003 -2.43152e+000  2.75500e+002
          1504  1.50400e+003 -2.43072e+000  2.75667e+002
          1505  1.50500e+003 -2.42989e+000  2.75833e+002
          1506  1.50600e+003 -2.42900e+000  2.76000e+002
          1507  1.50700e+003 -2.42809e+000  2.76167e+002
          1508  1.50800e+003 -2.42707e+000  2.76333e+002
          1509  1.50900e+003 -2.42614e+000  2.76500e+002
          1510  1.51000e+003 -2.42526e+000  2.76667e+002
          1511  1.51100e+003 -2.42442e+000  2.76833e+002
          1512  1.51200e+003 -2.42360e+000  2.77000e+002
          1513  1.51300e+003 -2.42276e+000  2.77167e+002
          1514  1.51400e+003 -2.42196e+000  2.77333e+002
          1515  1.51500e+003 -2.42117e+000  2.77500e+002
          1516  1.51600e+003 -2.42043e+000  2.77667e+002
          1517  1.51700e+003 -2.41967e+000  2.77833e+002
          1518  1.51800e+003 -2.41895e+000  2.78000e+002
          1519  1.51900e+003 -2.41823e+000  2.78167e+002
          1520  1.52000e+003 -2.41752e+000  2.78333e+002
          1521  1.52100e+003 -2.41684e+000  2.78500e+002
          1522  1.52200e+003 -2.41618e+000  2.78667e+002
          1523  1.52300e+003 -2.41551e+000  2.78833e+002
          1524  1.52400e+003 -2.41487e+000  2.79000e+002
          1525  1.52500e+003 -2.41420e+000  2.79167e+002
          1526  1.52600e+003 -2.41353e+000  2.79333e+002
          1527  1.52700e+003 -2.41288e+000  2.79500e+002
          1528  1.52800e+003 -2.41227e+000  2.79667e+002
          1529  1.52900e+003 -2.41165e+000  2.79833e+002
          1530  1.53000e+003 -2.41102e+000  2.80000e+002
          1531  1.53100e+003 -2.41042e+000  2.80167e+002
          1532  1.53200e+003 -2.40987e+000  2.80333e+002
          1533  1.53300e+003 -2.40930e+000  2.80500e+002
          1534  1.53400e+003 -2.40875e+000  2.80667e+002
          1535  1.53500e+003 -2.40823e+000  2.80833e+002
          1536  1.53600e+003 -2.40770e+000  2.81000e+002
          1537  1.53700e+003 -2.40721e+000  2.81167e+002
          1538  1.53800e+003 -2.40678e+000  2.81333e+002
          1539  1.53900e+003 -2.40634e+000  2.81500e+002
          1540  1.54000e+003 -2.40595e+000  2.81667e+002
          1541  1.54100e+003 -2.40559e+000  2.81833e+002
          1542  1.54200e+003 -2.40526e+000  2.82000e+002
          1543  1.54300e+003 -2.40491e+000  2.82167e+002
          1544  1.54400e+003 -2.40461e+000  2.82333e+002
          1545  1.54500e+003 -2.40428e+000  2.82500e+002
          1546  1.54600e+003 -2.40399e+000  2.82667e+002
          1547  1.54700e+003 -2.40373e+000  2.82833e+002
          1548  1.54800e+003 -2.40348e+000  2.83000e+002
          1549  1.54900e+003 -2.40318e+000  2.83167e+002
          1550  1.55000e+003 -2.40282e+000  2.83333e+002
          1551  1.55100e+003 -2.40244e+000  2.83500e+002
          1552  1.55200e+003 -2.40200e+000  2.83667e+002
          1553  1.55300e+003 -2.40156e+000  2.83833e+002
          1554  1.55400e+003 -2.40109e+000  2.84000e+002
          1555  1.55500e+003 -2.40060e+000  2.84167e+002
          1556  1.55600e+003 -2.40002e+000  2.84333e+002
          1557  1.55700e+003 -2.39950e+000  2.84500e+002
          1558  1.55800e+003 -2.39902e+000  2.84667e+002
          1559  1.55900e+003 -2.39857e+000  2.84833e+002
          1560  1.56000e+003 -2.39822e+000  2.85000e+002
          1561  1.56100e+003 -2.39787e+000  2.85167e+002
          1562  1.56200e+003 -2.39755e+000  2.85333e+002
          1563  1.56300e+003 -2.39726e+000  2.85500e+002
          1564  1.56400e+003 -2.39717e+000  2.85667e+002
          1565  1.56500e+003 -2.39701e+000  2.85833e+002
          1566  1.56600e+003 -2.39689e+000  2.86000e+002
          1567  1.56700e+003 -2.39681e+000  2.86167e+002
          1568  1.56800e+003 -2.39681e+000  2.86333e+002
          1569  1.56900e+003 -2.39676e+000  2.86500e+002
          1570  1.57000e+003 -2.39673e+000  2.86667e+002
          1571  1.57100e+003 -2.39673e+000  2.86833e+002
          1572  1.57200e+003 -2.39681e+000  2.87000e+002
          1573  1.57300e+003 -2.39695e+000  2.87167e+002
          1574  1.57400e+003 -2.39717e+000  2.87333e+002
          1575  1.57500e+003 -2.39745e+000  2.87500e+002
          1576  1.57600e+003 -2.39795e+000  2.87667e+002
          1577  1.57700e+003 -2.39841e+000  2.87833e+002
          1578  1.57800e+003 -2.39885e+000  2.88000e+002
          1579  1.57900e+003 -2.39930e+000  2.88167e+002
          1580  1.58000e+003 -2.39990e+000  2.88333e+002
          1581  1.58100e+003 -2.40044e+000  2.88500e+002
          1582  1.58200e+003 -2.40097e+000  2.88667e+002
          1583  1.58300e+003 -2.40149e+000  2.88833e+002
          1584  1.58400e+003 -2.40207e+000  2.89000e+002
          1585  1.58500e+003 -2.40266e+000  2.89167e+002
          1586  1.58600e+003 -2.40327e+000  2.89333e+002
          1587  1.58700e+003 -2.40390e+000  2.89500e+002
          1588  1.58800e+003 -2.40463e+000  2.89667e+002
          1589  1.58900e+003 -2.40536e+000  2.89833e+002
          1590  1.59000e+003 -2.40616e+000  2.90000e+002
          1591  1.59100e+003 -2.40698e+000  2.90167e+002
          1592  1.59200e+003 -2.40788e+000  2.90333e+002
          1593  1.59300e+003 -2.40879e+000  2.90500e+002
          1594  1.59400e+003 -2.40975e+000  2.90667e+002
          1595  1.59500e+003 -2.41074e+000  2.90833e+002
          1596  1.59600e+003 -2.41182e+000  2.91000e+002
          1597  1.59700e+003 -2.41290e+000  2.91167e+002
          1598  1.59800e+003 -2.41400e+000  2.91333e+002
          1599  1.59900e+003 -2.41510e+000  2.91500e+002
          1600  1.60000e+003 -2.41633e+000  2.91667e+002
          1601  1.60100e+003 -2.41757e+000  2.91833e+002
          1602  1.60200e+003 -2.41880e+000  2.92000e+002
          1603  1.60300e+003 -2.42002e+000  2.92167e+002
          1604  1.60400e+003 -2.42137e+000  2.92333e+002
          1605  1.60500e+003 -2.42270e+000  2.92500e+002
          1606  1.60600e+003 -2.42405e+000  2.92667e+002
          1607  1.60700e+003 -2.42543e+000  2.92833e+002
          1608  1.60800e+003 -2.42687e+000  2.93000e+002
          1609  1.60900e+003 -2.42826e+000  2.93167e+002
          1610  1.61000e+003 -2.42966e+000  2.93333e+002
          1611  1.61100e+003 -2.43107e+000  2.93500e+002
          1612  1.61200e+003 -2.43252e+000  2.93667e+002
          1613  1.61300e+003 -2.43397e+000  2.93833e+002
          1614  1.61400e+003 -2.43543e+000  2.94000e+002
          1615  1.61500e+003 -2.43694e+000  2.94167e+002
          1616  1.61600e+003 -2.43854e+000  2.94333e+002
          1617  1.61700e+003 -2.44013e+000  2.94500e+002
          1618  1.61800e+003 -2.44176e+000  2.94667e+002
          1619  1.61900e+003 -2.44344e+000  2.94833e+002
          1620  1.62000e+003 -2.44530e+000  2.95000e+002
          1621  1.62100e+003 -2.44715e+000  2.95167e+002
          1622  1.62200e+003 -2.44899e+000  2.95333e+002
          1623  1.62300e+003 -2.45084e+000  2.95500e+002
          1624  1.62400e+003 -2.45283e+000  2.95667e+002
          1625  1.62500e+003 -2.45474e+000  2.95833e+002
          1626  1.62600e+003 -2.45661e+000  2.96000e+002
          1627  1.62700e+003 -2.45848e+000  2.96167e+002
          1628  1.62800e+003 -2.46039e+000  2.96333e+002
          1629  1.62900e+003 -2.46228e+000  2.96500e+002
          1630  1.63000e+003 -2.46418e+000  2.96667e+002
          1631  1.63100e+003 -2.46615e+000  2.96833e+002
          1632  1.63200e+003 -2.46811e+000  2.97000e+002
          1633  1.63300e+003 -2.47003e+000  2.97167e+002
          1634  1.63400e+003 -2.47196e+000  2.97333e+002
          1635  1.63500e+003 -2.47394e+000  2.97500e+002
          1636  1.63600e+003 -2.47592e+000  2.97667e+002
          1637  1.63700e+003 -2.47789e+000  2.97833e+002
          1638  1.63800e+003 -2.47988e+000  2.98000e+002
          1639  1.63900e+003 -2.48187e+000  2.98167e+002
          1640  1.64000e+003 -2.48382e+000  2.98333e+002
          1641  1.64100e+003 -2.48578e+000  2.98500e+002
          1642  1.64200e+003 -2.48780e+000  2.98667e+002
          1643  1.64300e+003 -2.48985e+000  2.98833e+002
          1644  1.64400e+003 -2.49190e+000  2.99000e+002
          1645  1.64500e+003 -2.49396e+000  2.99167e+002
          1646  1.64600e+003 -2.49593e+000  2.99333e+002
          1647  1.64700e+003 -2.49769e+000  2.99500e+002
          1648  1.64800e+003 -2.49937e+000  2.99667e+002
          1649  1.64900e+003 -2.50115e+000  2.99833e+002
          1650  1.65000e+003 -2.50288e+000  3.00000e+002
PET_group2, 02.02.2022 20:36:15
